x_shift,intercept,x,x^2,x^3,x^4,degree,laser energy,gate delay
600.0,0,0,0,0,0,0,5,200
600.0,0,0,0,0,0,0,5,200
600.0,0,0,0,0,0,0,5,200
600.0,0,0,0,0,0,0,5,200
600.0,0,0,0,0,0,0,5,200
600.0,0,0,0,0,0,0,5,200
600.0,684.8001603343135,-4.63117472466498,0.001619625415540877,3.4757248748248636e-05,-4.585388595445347e-08,4,5,200
600.0,0,0,0,0,0,0,5,200
600.0,822.8948699582877,-4.050507092724189,0.001756408283008078,2.9523876355449676e-05,-5.2306849815022766e-08,4,5,200
600.0,0,0,0,0,0,0,5,200
600.0,0,0,0,0,0,0,5,200
600.0,838.9411775095,-5.130760723542277,0.005030177344611709,3.797382028200752e-05,-8.265448634411785e-08,4,5,200
600.0,0,0,0,0,0,0,5,200
600.0,0,0,0,0,0,0,5,200
600.0,0,0,0,0,0,0,5,200
600.0,708.2890113535017,-5.037306221069921,0.007312042309848694,3.753490852423947e-05,-8.50646723939883e-08,4,5,200
600.0,892.4120320874952,-4.4221152304146045,0.003895490172987207,3.196460896172132e-05,-7.082512941066012e-08,4,5,200
600.0,0,0,0,0,0,0,5,200
600.0,0,0,0,0,0,0,5,200
600.0,0,0,0,0,0,0,5,200
600.0,0,0,0,0,0,0,5,200
600.0,0,0,0,0,0,0,5,200
600.0,0,0,0,0,0,0,5,200
600.0,0,0,0,0,0,0,5,200
600.0,795.3928849665153,-4.770283759782574,0.001679295193086116,3.344475831083041e-05,-5.4093538298347516e-08,4,5,200
600.0,729.065730178489,-4.5151709807684215,0.005165205090379441,3.041850177704608e-05,-6.871411246052038e-08,4,5,200
600.0,0,0,0,0,0,0,5,200
600.0,0,0,0,0,0,0,5,200
600.0,0,0,0,0,0,0,5,200
600.0,0,0,0,0,0,0,5,200
600.0,0,0,0,0,0,0,5,200
600.0,561.9999818979786,-4.783539416465908,0.009173619081665583,3.3287033027890523e-05,-9.174619777528325e-08,4,5,200
600.0,587.0658254481157,-6.112899865138888,0.009903076807191232,4.5678824230435956e-05,-9.932335359866593e-08,4,5,200
600.0,0,0,0,0,0,0,5,200
600.0,599.5464918383246,-5.990894774345353,0.011020297821664088,4.255690211381471e-05,-1.097880961036787e-07,4,5,200
600.0,545.5156931058721,-4.608930259763485,0.012080003549265757,3.184579476415391e-05,-1.0687051155525531e-07,4,5,200
600.0,0,0,0,0,0,0,5,200
600.0,0,0,0,0,0,0,5,200
600.0,0,0,0,0,0,0,5,200
600.0,0,0,0,0,0,0,5,200
600.0,0,0,0,0,0,0,5,200
600.0,0,0,0,0,0,0,5,200
600.0,816.6345866761193,-4.555469660224307,0.0048334660202043415,3.435801303833095e-05,-7.28836838208306e-08,4,5,200
600.0,0,0,0,0,0,0,5,200
600.0,796.2200702176119,-5.152661631757008,0.0032183540468976347,3.7151604654601484e-05,-5.857365492394094e-08,4,5,200
600.0,0,0,0,0,0,0,5,200
600.0,0,0,0,0,0,0,5,200
600.0,0,0,0,0,0,0,5,200
600.0,0,0,0,0,0,0,5,200
600.0,0,0,0,0,0,0,5,200
600.0,0,0,0,0,0,0,5,200
600.0,642.0756290114754,-4.986078232909316,0.007998744550950763,3.638262827893134e-05,-8.739490128440704e-08,4,5,200
600.0,655.4664534471541,-4.561163109420131,0.0047468239897107,3.3253177757874936e-05,-7.316464274292363e-08,4,5,200
600.0,0,0,0,0,0,0,5,200
600.0,0,0,0,0,0,0,5,200
600.0,726.6913624114917,-4.811395322939598,0.004729339986552563,3.3160882462243e-05,-6.734010098315144e-08,4,5,200
600.0,0,0,0,0,0,0,5,200
600.0,0,0,0,0,0,0,5,200
600.0,0,0,0,0,0,0,5,200
600.0,0,0,0,0,0,0,5,200
600.0,0,0,0,0,0,0,5,200
600.0,756.4373554943886,-5.093119321749666,0.0072331219981909296,3.7980336610281436e-05,-8.364897889589956e-08,4,5,200
600.0,0,0,0,0,0,0,5,200
600.0,0,0,0,0,0,0,5,200
600.0,0,0,0,0,0,0,5,200
600.0,856.0442913819614,-4.97747088159013,0.0017980390189807675,3.618910759552662e-05,-5.263253546923458e-08,4,5,200
600.0,765.4683084967621,-4.873978777675916,0.0027542630779824125,3.657633091284578e-05,-5.924548974271336e-08,4,5,200
600.0,0,0,0,0,0,0,5,200
600.0,644.6535191934752,-4.279018569440506,0.007247552468910328,3.055336925188015e-05,-7.846970143134572e-08,4,5,200
600.0,0,0,0,0,0,0,5,200
600.0,0,0,0,0,0,0,5,200
600.0,0,0,0,0,0,0,5,200
600.0,0,0,0,0,0,0,5,200
600.0,0,0,0,0,0,0,5,200
600.0,0,0,0,0,0,0,5,200
600.0,0,0,0,0,0,0,5,200
600.0,0,0,0,0,0,0,5,200
600.0,0,0,0,0,0,0,5,200
600.0,732.5345264387678,-4.668878099489559,0.00721555844695819,3.222128702730466e-05,-7.86176425780243e-08,4,5,200
600.0,785.8509236852358,-5.242666192423051,0.0034951441193414186,3.8273283373380375e-05,-6.225786307704353e-08,4,5,200
600.0,0,0,0,0,0,0,5,200
600.0,0,0,0,0,0,0,5,200
600.0,0,0,0,0,0,0,5,200
600.0,0,0,0,0,0,0,5,200
600.0,0,0,0,0,0,0,5,200
600.0,992.4918911743648,-4.86426453668264,0.0017821072523715189,3.321310227381369e-05,-6.16328642535209e-08,4,5,200
600.0,708.9369548904308,-3.6792583314316136,0.0027274170903375367,2.805436854662424e-05,-5.6663641856163114e-08,4,5,200
600.0,727.48339126631,-4.611233796199852,0.0050193087372684886,3.174675423691402e-05,-7.214800430684567e-08,4,5,200
600.0,0,0,0,0,0,0,5,200
600.0,0,0,0,0,0,0,5,200
600.0,835.2319047824473,-3.8329417669096193,0.00180291510761271,2.6554519817006866e-05,-5.348796052886164e-08,4,5,200
600.0,514.9075791558793,-4.841365573772135,0.016275517589951927,3.052390385227046e-05,-1.2783240598415757e-07,4,5,200
600.0,0,0,0,0,0,0,5,200
600.0,796.6082529704128,-5.4131026941514815,0.004751897487706021,4.038107587715277e-05,-7.499618898573925e-08,4,5,200
600.0,546.3218073220447,-5.155382851645391,0.014191200814360514,3.5455619114224126e-05,-1.2437437680779284e-07,4,5,200
600.0,0,0,0,0,0,0,5,200
600.0,0,0,0,0,0,0,5,200
600.0,0,0,0,0,0,0,5,200
600.0,0,0,0,0,0,0,5,200
600.0,924.1296354626841,-5.377708123096033,0.0006508060543033569,3.9044948785852924e-05,-4.9624498195150046e-08,4,5,200
600.0,0,0,0,0,0,0,5,500
600.0,0,0,0,0,0,0,5,500
600.0,0,0,0,0,0,0,5,500
600.0,203.36407376580232,-3.4473651254356685,0.010710904986901951,2.4853300765994013e-05,-8.111116189714182e-08,4,5,500
600.0,0,0,0,0,0,0,5,500
600.0,0,0,0,0,0,0,5,500
600.0,248.94414108137744,-3.387777549896442,0.012101533893690997,2.26625896075996e-05,-9.352778656761844e-08,4,5,500
600.0,0,0,0,0,0,0,5,500
600.0,0,0,0,0,0,0,5,500
600.0,0,0,0,0,0,0,5,500
600.0,443.2818300186162,-2.8070985630000584,0.0047039795149790885,1.9375346160603813e-05,-5.4381920710811386e-08,4,5,500
600.0,438.0297956407441,-2.7456826190058408,0.00249203676214935,1.782355480409438e-05,-4.5190576029105324e-08,4,5,500
600.0,0,0,0,0,0,0,5,500
600.0,0,0,0,0,0,0,5,500
600.0,0,0,0,0,0,0,5,500
600.0,0,0,0,0,0,0,5,500
600.0,351.52421763252323,-3.227968161110567,0.00778314256549634,2.3877415242922717e-05,-7.415254697781196e-08,4,5,500
600.0,0,0,0,0,0,0,5,500
600.0,0,0,0,0,0,0,5,500
600.0,0,0,0,0,0,0,5,500
600.0,0,0,0,0,0,0,5,500
600.0,0,0,0,0,0,0,5,500
600.0,0,0,0,0,0,0,5,500
600.0,0,0,0,0,0,0,5,500
600.0,0,0,0,0,0,0,5,500
600.0,0,0,0,0,0,0,5,500
600.0,0,0,0,0,0,0,5,500
600.0,312.4146972563801,-2.2313949540424334,0.008828390060826183,1.6496533665440065e-05,-7.220915356279337e-08,4,5,500
600.0,0,0,0,0,0,0,5,500
600.0,269.20881804172564,-3.854260653951583,0.007750201743755544,2.733546655150178e-05,-6.508042204769933e-08,4,5,500
600.0,226.07375717677317,-2.8775806282807173,0.007157639192068208,2.1740323857831573e-05,-6.304139140257749e-08,4,5,500
600.0,0,0,0,0,0,0,5,500
600.0,0,0,0,0,0,0,5,500
600.0,329.5022801539616,-2.588731417231113,0.00677862079087327,1.9725175604041807e-05,-6.897522246017182e-08,4,5,500
600.0,318.55010594901813,-2.5423030378202878,0.006276136284217011,1.664597499203423e-05,-6.565826182281494e-08,4,5,500
600.0,312.1997943673602,-1.8116195556324757,0.005883262887605363,1.3768302916787265e-05,-5.856286278231157e-08,4,5,500
600.0,0,0,0,0,0,0,5,500
600.0,440.71703036419626,-2.6268638397334936,0.0006024416072717961,1.835138870079912e-05,-3.0260132220055735e-08,4,5,500
600.0,297.14961625680127,-3.1313444264939827,0.007214563974655764,2.141818152728623e-05,-6.364062614362843e-08,4,5,500
600.0,0,0,0,0,0,0,5,500
600.0,0,0,0,0,0,0,5,500
600.0,0,0,0,0,0,0,5,500
600.0,275.44073824909475,-3.4890816539754272,0.010673211423128437,2.2421322390353838e-05,-8.679007764223647e-08,4,5,500
600.0,0,0,0,0,0,0,5,500
600.0,0,0,0,0,0,0,5,500
600.0,0,0,0,0,0,0,5,500
600.0,0,0,0,0,0,0,5,500
600.0,0,0,0,0,0,0,5,500
600.0,0,0,0,0,0,0,5,500
600.0,317.60276199339313,-2.5822930279429217,0.00775981536669364,1.7461351062922528e-05,-6.904704363675712e-08,4,5,500
600.0,370.0498404407651,-4.083724880671932,0.009353258996152141,2.8211292447464714e-05,-8.696196256457569e-08,4,5,500
600.0,333.82667665728303,-2.864186256405209,0.003904716053828431,2.0511573528553192e-05,-4.5911844480418054e-08,4,5,500
600.0,0,0,0,0,0,0,5,500
600.0,0,0,0,0,0,0,5,500
600.0,0,0,0,0,0,0,5,500
600.0,340.7760400657004,-3.385036731789008,0.00927093312216645,2.5161806694180367e-05,-8.509302111015451e-08,4,5,500
600.0,0,0,0,0,0,0,5,500
600.0,0,0,0,0,0,0,5,500
600.0,268.4936416232492,-3.0768056715036836,0.007400598667385503,2.1770480893740587e-05,-7.066713958210365e-08,4,5,500
600.0,0,0,0,0,0,0,5,500
600.0,392.6842991267335,-2.4430547941935488,0.0015993467681735384,1.8637937978706263e-05,-4.101418451504998e-08,4,5,500
600.0,433.12984740645453,-2.7360405327514705,0.003919601779942902,2.1631243639385905e-05,-5.471273714813192e-08,4,5,500
600.0,458.2987927906446,-2.732115309980891,0.0026399078359098166,2.0186446332347668e-05,-4.0976765227478836e-08,4,5,500
600.0,349.9182964447191,-2.6554773274404053,0.0018129228996245923,1.9803480316325216e-05,-4.138967374739209e-08,4,5,500
600.0,0,0,0,0,0,0,5,500
600.0,0,0,0,0,0,0,5,500
600.0,349.5632005379948,-2.010332495123897,0.0069063725169387,1.4397036328161544e-05,-6.801492987124258e-08,4,5,500
600.0,345.4084008955329,-3.2908280839808364,0.005758288397785419,2.4390828356919467e-05,-6.151616234224964e-08,4,5,500
600.0,230.12142765284642,-3.4454097977464424,0.011392926048828073,2.283635417518599e-05,-8.551873088879528e-08,4,5,500
600.0,0,0,0,0,0,0,5,500
600.0,0,0,0,0,0,0,5,500
600.0,0,0,0,0,0,0,5,500
600.0,0,0,0,0,0,0,5,500
600.0,0,0,0,0,0,0,5,500
600.0,0,0,0,0,0,0,5,500
600.0,0,0,0,0,0,0,5,500
600.0,0,0,0,0,0,0,5,500
600.0,0,0,0,0,0,0,5,500
600.0,0,0,0,0,0,0,5,500
600.0,0,0,0,0,0,0,5,500
600.0,479.35705332934356,-2.3472408070241033,0.0036810318616922583,1.6911257581776022e-05,-5.3575914142484834e-08,4,5,500
600.0,390.67844586826914,-3.1453251780124627,0.006115124029550616,2.4496795675200898e-05,-6.590751068047241e-08,4,5,500
600.0,253.66595516589223,-2.1353489302994744,0.0028894264871232515,1.4739630320048779e-05,-3.3081491580289975e-08,4,5,500
600.0,0,0,0,0,0,0,5,500
600.0,0,0,0,0,0,0,5,500
600.0,0,0,0,0,0,0,5,500
600.0,273.41837680271925,-2.1300604460887307,0.003673621451905064,1.545318059473195e-05,-4.1333096678655656e-08,4,5,500
600.0,320.6353618881068,-2.1738859308504592,0.005445715215998912,1.5080710200582101e-05,-5.393123679527247e-08,4,5,500
600.0,0,0,0,0,0,0,5,500
600.0,368.1304043980692,-3.6347035619185863,0.006381012475130167,2.53022915846178e-05,-5.5963400901729205e-08,4,5,500
600.0,0,0,0,0,0,0,5,500
600.0,327.7966319790771,-2.5424025812626603,0.005649105843128284,1.7621759283991684e-05,-6.60309106312618e-08,4,5,500
600.0,0,0,0,0,0,0,5,500
600.0,0,0,0,0,0,0,5,500
600.0,0,0,0,0,0,0,5,500
600.0,359.76039099088285,-2.4033207676509654,0.005052647608995658,1.744185279444877e-05,-5.781752562496255e-08,4,5,500
600.0,0,0,0,0,0,0,5,500
600.0,0,0,0,0,0,0,5,500
600.0,0,0,0,0,0,0,5,500
600.0,0,0,0,0,0,0,5,500
600.0,0,0,0,0,0,0,5,1000
600.0,0,0,0,0,0,0,5,1000
600.0,0,0,0,0,0,0,5,1000
600.0,0,0,0,0,0,0,5,1000
600.0,0,0,0,0,0,0,5,1000
600.0,0,0,0,0,0,0,5,1000
600.0,0,0,0,0,0,0,5,1000
600.0,0,0,0,0,0,0,5,1000
600.0,0,0,0,0,0,0,5,1000
600.0,0,0,0,0,0,0,5,1000
600.0,0,0,0,0,0,0,5,1000
600.0,0,0,0,0,0,0,5,1000
600.0,0,0,0,0,0,0,5,1000
600.0,52.74560123808568,-2.5399723075820213,0.0064925605131956115,1.9345293257343402e-05,-5.695649910792684e-08,4,5,1000
600.0,0,0,0,0,0,0,5,1000
600.0,0,0,0,0,0,0,5,1000
600.0,0,0,0,0,0,0,5,1000
600.0,53.3110323064693,-0.8855501869277627,0.004494623558879855,7.679318247198897e-06,-4.9483038005339814e-08,4,5,1000
600.0,0,0,0,0,0,0,5,1000
600.0,0,0,0,0,0,0,5,1000
600.0,-14.67982121179447,-1.9363218936622661,0.00863851172678886,1.3119780006383855e-05,-5.896853585193326e-08,4,5,1000
600.0,0,0,0,0,0,0,5,1000
600.0,0,0,0,0,0,0,5,1000
600.0,251.5495131879784,-0.4655495738896013,-0.009746320611388458,4.688240164377472e-06,4.5611576044568044e-08,4,5,1000
600.0,0,0,0,0,0,0,5,1000
600.0,0,0,0,0,0,0,5,1000
600.0,0,0,0,0,0,0,5,1000
600.0,0,0,0,0,0,0,5,1000
600.0,0,0,0,0,0,0,5,1000
600.0,0,0,0,0,0,0,5,1000
600.0,0,0,0,0,0,0,5,1000
600.0,0,0,0,0,0,0,5,1000
600.0,0,0,0,0,0,0,5,1000
600.0,0,0,0,0,0,0,5,1000
600.0,104.90599546249642,-1.3705594134363375,0.0034649767259121536,1.1562334683871327e-05,-3.7828611519562975e-08,4,5,1000
600.0,0,0,0,0,0,0,5,1000
600.0,118.40074208592813,-2.125521063307185,0.0039496974874478575,1.8797013934767196e-05,-4.363624620215559e-08,4,5,1000
600.0,0,0,0,0,0,0,5,1000
600.0,0,0,0,0,0,0,5,1000
600.0,0,0,0,0,0,0,5,1000
600.0,0,0,0,0,0,0,5,1000
600.0,0,0,0,0,0,0,5,1000
600.0,0,0,0,0,0,0,5,1000
600.0,0,0,0,0,0,0,5,1000
600.0,0,0,0,0,0,0,5,1000
600.0,-50.74449563452522,-1.430971358270599,0.006149838451322154,1.2292603065668618e-05,-4.4097033736230915e-08,4,5,1000
600.0,0,0,0,0,0,0,5,1000
600.0,0,0,0,0,0,0,5,1000
600.0,0,0,0,0,0,0,5,1000
600.0,0,0,0,0,0,0,5,1000
600.0,70.37374799318826,-1.9248905520165385,0.0061113095651322965,1.519144316582902e-05,-5.563413012060066e-08,4,5,1000
600.0,0,0,0,0,0,0,5,1000
600.0,253.30250929543573,1.894715088203843,-0.014182076100891868,-1.0989695922589486e-05,6.999408674080412e-08,4,5,1000
600.0,212.3657079071142,0.5175064186151463,-0.010965855833971,-1.8892075200901264e-06,5.634868643364088e-08,4,5,1000
600.0,0,0,0,0,0,0,5,1000
600.0,0,0,0,0,0,0,5,1000
600.0,0,0,0,0,0,0,5,1000
600.0,0,0,0,0,0,0,5,1000
600.0,0,0,0,0,0,0,5,1000
600.0,0,0,0,0,0,0,5,1000
600.0,0,0,0,0,0,0,5,1000
600.0,53.22244821894126,-2.416072020753903,0.005667905999585195,1.9950045280422522e-05,-5.354114038697318e-08,4,5,1000
600.0,0,0,0,0,0,0,5,1000
600.0,0,0,0,0,0,0,5,1000
600.0,0,0,0,0,0,0,5,1000
600.0,15.322270772487775,-1.5002513670373554,0.003588586578081362,1.2506945794329207e-05,-3.325582109842391e-08,4,5,1000
600.0,0,0,0,0,0,0,5,1000
600.0,0,0,0,0,0,0,5,1000
600.0,-61.33283173959972,-1.9079552166677038,0.013013361687264587,1.6371280858239267e-05,-9.416658948126867e-08,4,5,1000
600.0,0,0,0,0,0,0,5,1000
600.0,0,0,0,0,0,0,5,1000
600.0,0,0,0,0,0,0,5,1000
600.0,0,0,0,0,0,0,5,1000
600.0,0,0,0,0,0,0,5,1000
600.0,-73.79693190962493,-1.384152122092969,0.006463794147404206,1.1431728135839322e-05,-5.174625662179699e-08,4,5,1000
600.0,0,0,0,0,0,0,5,1000
600.0,0,0,0,0,0,0,5,1000
600.0,0,0,0,0,0,0,5,1000
600.0,0,0,0,0,0,0,5,1000
600.0,0,0,0,0,0,0,5,1000
600.0,0,0,0,0,0,0,5,1000
600.0,0,0,0,0,0,0,5,1000
600.0,0,0,0,0,0,0,5,1000
600.0,0,0,0,0,0,0,5,1000
600.0,0,0,0,0,0,0,5,1000
600.0,0,0,0,0,0,0,5,1000
600.0,0,0,0,0,0,0,5,1000
600.0,0,0,0,0,0,0,5,1000
600.0,0,0,0,0,0,0,5,1000
600.0,0,0,0,0,0,0,5,1000
600.0,0,0,0,0,0,0,5,1000
600.0,0,0,0,0,0,0,5,1000
600.0,0,0,0,0,0,0,5,1000
600.0,0,0,0,0,0,0,5,1000
600.0,0,0,0,0,0,0,5,1000
600.0,0,0,0,0,0,0,5,1000
600.0,0,0,0,0,0,0,5,1000
600.0,0,0,0,0,0,0,5,1000
600.0,0,0,0,0,0,0,5,1000
600.0,0,0,0,0,0,0,5,1000
600.0,125.84997902682295,-0.3282351679361054,-0.011632729206315947,6.60440691458217e-06,6.196045623348199e-08,4,5,2000
600.0,-60.05148865833603,1.36468522533443,-0.015589658216117562,-5.587416007654915e-06,9.161905660201183e-08,4,5,2000
600.0,0.0,0.0,0.0,0.0,0.0,0,5,2000
600.0,0.0,0.0,0.0,0.0,0.0,0,5,2000
600.0,0.0,0.0,0.0,0.0,0.0,0,5,2000
600.0,-52.55887427369022,0.5222107895675128,-0.008261451291614125,-4.055123918739912e-07,4.022626653000993e-08,4,5,2000
600.0,0.0,0.0,0.0,0.0,0.0,0,5,2000
600.0,0.0,0.0,0.0,0.0,0.0,0,5,2000
600.0,0.0,0.0,0.0,0.0,0.0,0,5,2000
600.0,21.322190444705313,1.8170047128569853,-0.012963418350876188,-6.830848437528442e-06,6.944445579974557e-08,4,5,2000
600.0,0.0,0.0,0.0,0.0,0.0,0,5,2000
600.0,0.0,0.0,0.0,0.0,0.0,0,5,2000
600.0,91.20257026401114,0.27299337404055235,-0.011542787120405113,9.631307274146405e-07,6.283297867661147e-08,4,5,2000
600.0,0.0,0.0,0.0,0.0,0.0,0,5,2000
600.0,0.0,0.0,0.0,0.0,0.0,0,5,2000
600.0,0.0,0.0,0.0,0.0,0.0,0,5,2000
600.0,0.0,0.0,0.0,0.0,0.0,0,5,2000
600.0,0.0,0.0,0.0,0.0,0.0,0,5,2000
600.0,0.0,0.0,0.0,0.0,0.0,0,5,2000
600.0,0.0,0.0,0.0,0.0,0.0,0,5,2000
600.0,0.0,0.0,0.0,0.0,0.0,0,5,2000
600.0,0.0,0.0,0.0,0.0,0.0,0,5,2000
600.0,0.0,0.0,0.0,0.0,0.0,0,5,2000
600.0,0.0,0.0,0.0,0.0,0.0,0,5,2000
600.0,215.81956034502753,1.1323467308740254,-0.019227760387395144,-3.992621474470056e-06,1.0445203094161134e-07,4,5,2000
600.0,0.0,0.0,0.0,0.0,0.0,0,5,2000
600.0,0.0,0.0,0.0,0.0,0.0,0,5,2000
600.0,0.0,0.0,0.0,0.0,0.0,0,5,2000
600.0,0.0,0.0,0.0,0.0,0.0,0,5,2000
600.0,-27.056857549128154,-0.1961127963463541,-0.00807976574557085,2.8800547066024407e-06,4.647941343766729e-08,4,5,2000
600.0,0.0,0.0,0.0,0.0,0.0,0,5,2000
600.0,0.0,0.0,0.0,0.0,0.0,0,5,2000
600.0,0.0,0.0,0.0,0.0,0.0,0,5,2000
600.0,0.0,0.0,0.0,0.0,0.0,0,5,2000
600.0,0.0,0.0,0.0,0.0,0.0,0,5,2000
600.0,0.0,0.0,0.0,0.0,0.0,0,5,2000
600.0,0.0,0.0,0.0,0.0,0.0,0,5,2000
600.0,0.0,0.0,0.0,0.0,0.0,0,5,2000
600.0,0.0,0.0,0.0,0.0,0.0,0,5,2000
600.0,0.0,0.0,0.0,0.0,0.0,0,5,2000
600.0,0.0,0.0,0.0,0.0,0.0,0,5,2000
600.0,0.0,0.0,0.0,0.0,0.0,0,5,2000
600.0,-141.75674346607292,-0.3637191960921311,0.003880176194547956,5.119979873537543e-06,-3.618070637644189e-08,4,5,2000
600.0,0.0,0.0,0.0,0.0,0.0,0,5,2000
600.0,0.0,0.0,0.0,0.0,0.0,0,5,2000
600.0,0.0,0.0,0.0,0.0,0.0,0,5,2000
600.0,0.0,0.0,0.0,0.0,0.0,0,5,2000
600.0,0.0,0.0,0.0,0.0,0.0,0,5,2000
600.0,0.0,0.0,0.0,0.0,0.0,0,5,2000
600.0,0.0,0.0,0.0,0.0,0.0,0,5,2000
600.0,-157.08453416533115,-0.5792343752350196,0.0018754297969548782,7.509916835755817e-06,-1.757360751395524e-08,4,5,2000
600.0,0.0,0.0,0.0,0.0,0.0,0,5,2000
600.0,34.347991955116456,0.2831510124754131,-0.010879902308555008,2.8172873826820117e-06,5.87485424343795e-08,4,5,2000
600.0,0.0,0.0,0.0,0.0,0.0,0,5,2000
600.0,0.0,0.0,0.0,0.0,0.0,0,5,2000
600.0,0.0,0.0,0.0,0.0,0.0,0,5,2000
600.0,0.0,0.0,0.0,0.0,0.0,0,5,2000
600.0,0.0,0.0,0.0,0.0,0.0,0,5,2000
600.0,0.0,0.0,0.0,0.0,0.0,0,5,2000
600.0,-197.17421382643212,-1.2193063730440212,0.0075757765077798895,1.2081691764442802e-05,-5.503624211915992e-08,4,5,2000
600.0,0.0,0.0,0.0,0.0,0.0,0,5,2000
600.0,0.0,0.0,0.0,0.0,0.0,0,5,2000
600.0,0.0,0.0,0.0,0.0,0.0,0,5,2000
600.0,0.0,0.0,0.0,0.0,0.0,0,5,2000
600.0,0.0,0.0,0.0,0.0,0.0,0,5,2000
600.0,0.0,0.0,0.0,0.0,0.0,0,5,2000
600.0,0.0,0.0,0.0,0.0,0.0,0,5,2000
600.0,0.0,0.0,0.0,0.0,0.0,0,5,2000
600.0,0.0,0.0,0.0,0.0,0.0,0,5,2000
600.0,0.0,0.0,0.0,0.0,0.0,0,5,2000
600.0,0.0,0.0,0.0,0.0,0.0,0,5,2000
600.0,0.0,0.0,0.0,0.0,0.0,0,5,2000
600.0,0.0,0.0,0.0,0.0,0.0,0,5,2000
600.0,0.0,0.0,0.0,0.0,0.0,0,5,2000
600.0,0.0,0.0,0.0,0.0,0.0,0,5,2000
600.0,187.4718544269083,0.8813881398083484,-0.014925033575686595,-5.917611027972198e-07,7.843048993212477e-08,4,5,2000
600.0,0.0,0.0,0.0,0.0,0.0,0,5,2000
600.0,0.0,0.0,0.0,0.0,0.0,0,5,2000
600.0,0.0,0.0,0.0,0.0,0.0,0,5,2000
600.0,0.0,0.0,0.0,0.0,0.0,0,5,2000
600.0,0.0,0.0,0.0,0.0,0.0,0,5,2000
600.0,0.0,0.0,0.0,0.0,0.0,0,5,2000
600.0,0.0,0.0,0.0,0.0,0.0,0,5,2000
600.0,0.0,0.0,0.0,0.0,0.0,0,5,2000
600.0,-31.5039943562804,0.47832775505443437,-0.005894380157219448,-1.42636158767326e-06,2.9006309931595947e-08,4,5,2000
600.0,0.0,0.0,0.0,0.0,0.0,0,5,2000
600.0,0.0,0.0,0.0,0.0,0.0,0,5,2000
600.0,0.0,0.0,0.0,0.0,0.0,0,5,2000
600.0,0.0,0.0,0.0,0.0,0.0,0,5,2000
600.0,0.0,0.0,0.0,0.0,0.0,0,5,2000
600.0,0.0,0.0,0.0,0.0,0.0,0,5,2000
600.0,0.0,0.0,0.0,0.0,0.0,0,5,2000
600.0,0.0,0.0,0.0,0.0,0.0,0,5,2000
600.0,0.0,0.0,0.0,0.0,0.0,0,5,2000
600.0,0.0,0.0,0.0,0.0,0.0,0,5,2000
600.0,0.0,0.0,0.0,0.0,0.0,0,5,2000
600.0,-1.9847357091038305,0.5404761725455104,-0.009269411105709271,1.5189578451598034e-06,4.932492380507655e-08,4,5,2000
600.0,0.0,0.0,0.0,0.0,0.0,0,5,2000
600.0,0.0,0.0,0.0,0.0,0.0,0,5,2000
600.0,0.0,0.0,0.0,0.0,0.0,0,5,2000
600.0,0,0,0,0,0,0,5,4000
600.0,-112.53855034267964,0.5982734698629115,-0.007294991776387575,-1.2877768195333947e-06,4.1276549460755044e-08,4,5,4000
600.0,0,0,0,0,0,0,5,4000
600.0,0,0,0,0,0,0,5,4000
600.0,-24.251321036310742,0.7812517823116509,-0.010121457651908658,2.3943460505235003e-06,4.835469088013478e-08,4,5,4000
600.0,0,0,0,0,0,0,5,4000
600.0,0,0,0,0,0,0,5,4000
600.0,0,0,0,0,0,0,5,4000
600.0,0,0,0,0,0,0,5,4000
600.0,0,0,0,0,0,0,5,4000
600.0,0,0,0,0,0,0,5,4000
600.0,0,0,0,0,0,0,5,4000
600.0,0,0,0,0,0,0,5,4000
600.0,0,0,0,0,0,0,5,4000
600.0,0,0,0,0,0,0,5,4000
600.0,0,0,0,0,0,0,5,4000
600.0,0,0,0,0,0,0,5,4000
600.0,0,0,0,0,0,0,5,4000
600.0,0,0,0,0,0,0,5,4000
600.0,0,0,0,0,0,0,5,4000
600.0,0,0,0,0,0,0,5,4000
600.0,0,0,0,0,0,0,5,4000
600.0,0,0,0,0,0,0,5,4000
600.0,0,0,0,0,0,0,5,4000
600.0,0,0,0,0,0,0,5,4000
600.0,0,0,0,0,0,0,5,4000
600.0,0,0,0,0,0,0,5,4000
600.0,0,0,0,0,0,0,5,4000
600.0,0,0,0,0,0,0,5,4000
600.0,0,0,0,0,0,0,5,4000
600.0,0,0,0,0,0,0,5,4000
600.0,0,0,0,0,0,0,5,4000
600.0,0,0,0,0,0,0,5,4000
600.0,0,0,0,0,0,0,5,4000
600.0,0,0,0,0,0,0,5,4000
600.0,0,0,0,0,0,0,5,4000
600.0,0,0,0,0,0,0,5,4000
600.0,0,0,0,0,0,0,5,4000
600.0,0,0,0,0,0,0,5,4000
600.0,0,0,0,0,0,0,5,4000
600.0,0,0,0,0,0,0,5,4000
600.0,0,0,0,0,0,0,5,4000
600.0,0,0,0,0,0,0,5,4000
600.0,0,0,0,0,0,0,5,4000
600.0,-350.16941601087467,0.326600567670935,0.009518708875249329,4.039197236327888e-07,-6.095166966013917e-08,4,5,4000
600.0,0,0,0,0,0,0,5,4000
600.0,0,0,0,0,0,0,5,4000
600.0,0,0,0,0,0,0,5,4000
600.0,0,0,0,0,0,0,5,4000
600.0,0,0,0,0,0,0,5,4000
600.0,0,0,0,0,0,0,5,4000
600.0,0,0,0,0,0,0,5,4000
600.0,0,0,0,0,0,0,5,4000
600.0,0,0,0,0,0,0,5,4000
600.0,0,0,0,0,0,0,5,4000
600.0,0,0,0,0,0,0,5,4000
600.0,0,0,0,0,0,0,5,4000
600.0,0,0,0,0,0,0,5,4000
600.0,0,0,0,0,0,0,5,4000
600.0,0,0,0,0,0,0,5,4000
600.0,0,0,0,0,0,0,5,4000
600.0,0,0,0,0,0,0,5,4000
600.0,0,0,0,0,0,0,5,4000
600.0,14.676529715689185,1.5147355861391392,-0.014597363058032543,-6.1723487688267855e-06,8.076507536487223e-08,4,5,4000
600.0,0,0,0,0,0,0,5,4000
600.0,0,0,0,0,0,0,5,4000
600.0,0,0,0,0,0,0,5,4000
600.0,0,0,0,0,0,0,5,4000
600.0,-56.16731907597368,0.16809648232225616,-0.008383623872177707,3.006354788048227e-06,4.570600966955108e-08,4,5,4000
600.0,0,0,0,0,0,0,5,4000
600.0,0,0,0,0,0,0,5,4000
600.0,0,0,0,0,0,0,5,4000
600.0,0,0,0,0,0,0,5,4000
600.0,0,0,0,0,0,0,5,4000
600.0,2.7637346116387,0.25137853369033,-0.011660204260590206,2.7567165185408367e-06,6.185202567283022e-08,4,5,4000
600.0,0,0,0,0,0,0,5,4000
600.0,56.367060395104915,0.7049698359170762,-0.016832816533258847,-3.010341768111777e-08,9.701247099176812e-08,4,5,4000
600.0,0,0,0,0,0,0,5,4000
600.0,0,0,0,0,0,0,5,4000
600.0,0,0,0,0,0,0,5,4000
600.0,0,0,0,0,0,0,5,4000
600.0,0,0,0,0,0,0,5,4000
600.0,0,0,0,0,0,0,5,4000
600.0,0,0,0,0,0,0,5,4000
600.0,0,0,0,0,0,0,5,4000
600.0,30.935797327449478,0.5437115481242937,-0.013341085752820362,4.237451756943514e-07,7.761140563244933e-08,4,5,4000
600.0,0,0,0,0,0,0,5,4000
600.0,0,0,0,0,0,0,5,4000
600.0,0,0,0,0,0,0,5,4000
600.0,0,0,0,0,0,0,5,4000
600.0,0,0,0,0,0,0,5,4000
600.0,0,0,0,0,0,0,5,4000
600.0,0,0,0,0,0,0,5,4000
600.0,0,0,0,0,0,0,5,4000
600.0,0,0,0,0,0,0,5,4000
600.0,0,0,0,0,0,0,5,4000
600.0,0,0,0,0,0,0,5,4000
600.0,0,0,0,0,0,0,5,4000
600.0,-153.16832595106612,1.7010122176862013,-0.011222151105269586,-9.54367116527776e-06,6.792667845334537e-08,4,5,4000
600.0,0,0,0,0,0,0,5,4000
600.0,0,0,0,0,0,0,25,200
600.0,0,0,0,0,0,0,25,200
600.0,4823.665394627809,-15.177925103503803,-0.0018581727223336087,0.00010315590370383099,-1.784762563473523e-07,4,25,200
600.0,0,0,0,0,0,0,25,200
600.0,4466.061702041357,-13.744885037180044,-0.0033141173699604703,9.613859729932927e-05,-1.5318832039569065e-07,4,25,200
600.0,0,0,0,0,0,0,25,200
600.0,4726.63859239801,-15.269200465833942,-0.005315946145327838,0.00010579342607921704,-1.5305253746220714e-07,4,25,200
600.0,0,0,0,0,0,0,25,200
600.0,0,0,0,0,0,0,25,200
600.0,0,0,0,0,0,0,25,200
600.0,6228.339352483566,-21.030912422406324,-0.006012072724815054,0.0001453638616944386,-1.928961931829101e-07,4,25,200
600.0,5008.110170786915,-16.063882127024996,-0.0001451612276130703,0.00010734106343489366,-1.8777424550819265e-07,4,25,200
600.0,0,0,0,0,0,0,25,200
600.0,0,0,0,0,0,0,25,200
600.0,0,0,0,0,0,0,25,200
600.0,0,0,0,0,0,0,25,200
600.0,5286.383991636445,-17.761441611876794,-0.0038686676236827176,0.00012030801298924977,-1.8080313587198415e-07,4,25,200
600.0,0,0,0,0,0,0,25,200
600.0,0,0,0,0,0,0,25,200
600.0,0,0,0,0,0,0,25,200
600.0,0,0,0,0,0,0,25,200
600.0,0,0,0,0,0,0,25,200
600.0,0,0,0,0,0,0,25,200
600.0,4375.520842540799,-14.897750723240193,0.002031764477098954,0.00010251310230905058,-1.8672702597771564e-07,4,25,200
600.0,0,0,0,0,0,0,25,200
600.0,0,0,0,0,0,0,25,200
600.0,0,0,0,0,0,0,25,200
600.0,0,0,0,0,0,0,25,200
600.0,0,0,0,0,0,0,25,200
600.0,0,0,0,0,0,0,25,200
600.0,6165.700177783643,-20.430992377974327,-0.007413105547258953,0.00014100176279524117,-1.934814960540209e-07,4,25,200
600.0,0,0,0,0,0,0,25,200
600.0,0,0,0,0,0,0,25,200
600.0,0,0,0,0,0,0,25,200
600.0,4679.438264252466,-15.720962984481242,-0.003256109614478234,0.0001105062391933322,-1.6174216182409857e-07,4,25,200
600.0,0,0,0,0,0,0,25,200
600.0,0,0,0,0,0,0,25,200
600.0,4801.886502936762,-15.338548803721547,-0.0035774551467138496,0.00010623510009341465,-1.6303689287745065e-07,4,25,200
600.0,0,0,0,0,0,0,25,200
600.0,0,0,0,0,0,0,25,200
600.0,0,0,0,0,0,0,25,200
600.0,0,0,0,0,0,0,25,200
600.0,0,0,0,0,0,0,25,200
600.0,0,0,0,0,0,0,25,200
600.0,0,0,0,0,0,0,25,200
600.0,0,0,0,0,0,0,25,200
600.0,0,0,0,0,0,0,25,200
600.0,0,0,0,0,0,0,25,200
600.0,0,0,0,0,0,0,25,200
600.0,0,0,0,0,0,0,25,200
600.0,0,0,0,0,0,0,25,200
600.0,0,0,0,0,0,0,25,200
600.0,4797.868515531009,-14.546474383176726,-0.0042756611390813255,9.999890603881272e-05,-1.5608136173353193e-07,4,25,200
600.0,0,0,0,0,0,0,25,200
600.0,0,0,0,0,0,0,25,200
600.0,0,0,0,0,0,0,25,200
600.0,0,0,0,0,0,0,25,200
600.0,0,0,0,0,0,0,25,200
600.0,4609.774971176059,-14.856136982034373,-0.00335767541294984,0.00010026963576530657,-1.505155853477742e-07,4,25,200
600.0,4780.485855531253,-15.273046532813044,-0.003997339625833483,0.00010604226012915284,-1.586245912766949e-07,4,25,200
600.0,4917.5643720597,-17.053249526995696,-0.006835452920404057,0.00011852664501187149,-1.4567008441702253e-07,4,25,200
600.0,0,0,0,0,0,0,25,200
600.0,4790.160771877755,-14.436538844714562,-0.0035917107551985935,0.00010005005315208579,-1.6359514975147886e-07,4,25,200
600.0,0,0,0,0,0,0,25,200
600.0,0,0,0,0,0,0,25,200
600.0,0,0,0,0,0,0,25,200
600.0,4587.820020078618,-14.772396652673955,0.00545387807674246,0.00010057812817409755,-2.1012939237685674e-07,4,25,200
600.0,0,0,0,0,0,0,25,200
600.0,0,0,0,0,0,0,25,200
600.0,0,0,0,0,0,0,25,200
600.0,5464.305001844503,-17.066004297380765,-0.007893095211040552,0.00011638965406045331,-1.6580108637992221e-07,4,25,200
600.0,0,0,0,0,0,0,25,200
600.0,0,0,0,0,0,0,25,200
600.0,0,0,0,0,0,0,25,200
600.0,0,0,0,0,0,0,25,200
600.0,4535.538445741011,-13.917030096525695,-0.004672093717677121,9.637317685020982e-05,-1.5080293712004136e-07,4,25,200
600.0,0,0,0,0,0,0,25,200
600.0,0,0,0,0,0,0,25,200
600.0,0,0,0,0,0,0,25,200
600.0,0,0,0,0,0,0,25,200
600.0,0,0,0,0,0,0,25,200
600.0,0,0,0,0,0,0,25,200
600.0,0,0,0,0,0,0,25,200
600.0,0,0,0,0,0,0,25,200
600.0,0,0,0,0,0,0,25,200
600.0,0,0,0,0,0,0,25,200
600.0,0,0,0,0,0,0,25,200
600.0,4574.278222351969,-13.561888613289717,-0.00415770098597385,9.176184810159918e-05,-1.516917110579374e-07,4,25,200
600.0,0,0,0,0,0,0,25,200
600.0,0,0,0,0,0,0,25,200
600.0,0,0,0,0,0,0,25,200
600.0,0,0,0,0,0,0,25,200
600.0,0,0,0,0,0,0,25,200
600.0,0,0,0,0,0,0,25,200
600.0,0,0,0,0,0,0,25,200
600.0,0,0,0,0,0,0,25,200
600.0,0,0,0,0,0,0,25,200
600.0,0,0,0,0,0,0,25,200
600.0,0,0,0,0,0,0,25,200
600.0,0,0,0,0,0,0,25,200
600.0,2013.3528180432422,-8.92518766525572,0.0005572529825703734,6.131503653727492e-05,-8.429654132283097e-08,4,25,500
600.0,1683.3157369487121,-6.7942314551421,0.00821118574661533,4.777835262767833e-05,-1.2732362580143663e-07,4,25,500
600.0,1855.2642385307147,-7.171774463048828,-0.00027934351340968975,4.8419093548634325e-05,-7.514432243948349e-08,4,25,500
600.0,1736.539960693303,-8.86766965706241,0.016950804057512737,6.145441974912119e-05,-1.8685140809266398e-07,4,25,500
600.0,1834.6547506943034,-7.80678970255326,0.0026396875153832117,5.3032597778895865e-05,-9.283208304705522e-08,4,25,500
600.0,1868.7682952829837,-7.693262132837813,0.0017364847171206096,5.1832714924303746e-05,-8.499202307633801e-08,4,25,500
600.0,1938.3639898321692,-8.433025371153997,0.0007857592521636654,5.9193790518901974e-05,-8.781859117998095e-08,4,25,500
600.0,0.0,0.0,0.0,0.0,0.0,0,25,500
600.0,1815.4635458577413,-8.367636126887438,0.012121365112097302,5.7029432866557776e-05,-1.5853970771869087e-07,4,25,500
600.0,1908.4633347983445,-7.9660937839809405,0.0017784152002176896,5.423963094701496e-05,-8.828544943953968e-08,4,25,500
600.0,1887.7579533988091,-7.662222478655312,0.0007613708451474164,5.229950133053956e-05,-8.323894996664757e-08,4,25,500
600.0,0.0,0.0,0.0,0.0,0.0,0,25,500
600.0,2035.825965024498,-7.820418385107078,-0.0041991545397917825,5.353324973116446e-05,-5.753013414976023e-08,4,25,500
600.0,0.0,0.0,0.0,0.0,0.0,0,25,500
600.0,1870.4980018773695,-7.352509124083708,0.005570633354568792,5.010580461347169e-05,-1.1894454075241747e-07,4,25,500
600.0,0.0,0.0,0.0,0.0,0.0,0,25,500
600.0,2285.3849332714017,-8.604489053831136,6.523336834977043e-05,6.0182005815609815e-05,-1.0024944613968279e-07,4,25,500
600.0,0.0,0.0,0.0,0.0,0.0,0,25,500
600.0,1840.4522433014276,-7.9413339309480415,0.004966521929446,5.418266021210797e-05,-1.0346081039681274e-07,4,25,500
600.0,1944.0568355615949,-8.94579606273376,0.00605694523964863,6.270541045840888e-05,-1.2789752522501425e-07,4,25,500
600.0,1957.4633903799077,-8.934103101829274,0.0053023250110528705,6.339473754240712e-05,-1.1127079752360829e-07,4,25,500
600.0,0.0,0.0,0.0,0.0,0.0,0,25,500
600.0,0.0,0.0,0.0,0.0,0.0,0,25,500
600.0,1784.2623844675652,-9.572456244999387,0.012103526375675834,6.772006022423776e-05,-1.5047856279251434e-07,4,25,500
600.0,2213.886259808297,-9.928829711086198,0.008177069881659766,6.607291205935182e-05,-1.3969582832614055e-07,4,25,500
600.0,1724.157799254581,-9.343282284723351,0.015166442690985188,6.40276058474068e-05,-1.6831672227922778e-07,4,25,500
600.0,0.0,0.0,0.0,0.0,0.0,0,25,500
600.0,2089.879339580601,-9.860323924301914,0.0021901191494292796,6.838363993675682e-05,-1.0412518319005272e-07,4,25,500
600.0,0.0,0.0,0.0,0.0,0.0,0,25,500
600.0,2043.8206885642999,-10.79917374039583,0.007653217309562001,7.295742811974076e-05,-1.279558668997916e-07,4,25,500
600.0,0.0,0.0,0.0,0.0,0.0,0,25,500
600.0,1986.2590746328017,-8.638709228348304,0.002441257261222282,6.064260182242122e-05,-9.719329482451882e-08,4,25,500
600.0,2034.5603184810343,-8.919742110909205,0.006200016770294239,5.957147845576894e-05,-1.2324850832035282e-07,4,25,500
600.0,0.0,0.0,0.0,0.0,0.0,0,25,500
600.0,0.0,0.0,0.0,0.0,0.0,0,25,500
600.0,2123.9111886640258,-9.667166158132277,0.008557071188562717,6.452022912155289e-05,-1.393137635345771e-07,4,25,500
600.0,2009.2007945066534,-9.932718961310027,0.008096513192990682,6.617496278483776e-05,-1.3494464747895762e-07,4,25,500
600.0,0.0,0.0,0.0,0.0,0.0,0,25,500
600.0,1765.1427841501973,-9.021048239631625,0.015541794368470646,6.212692737518762e-05,-1.7404621299184035e-07,4,25,500
600.0,1984.2606603878114,-8.44112791181188,0.0027204044637485114,5.9511046080265654e-05,-9.94654642027652e-08,4,25,500
600.0,0.0,0.0,0.0,0.0,0.0,0,25,500
600.0,0.0,0.0,0.0,0.0,0.0,0,25,500
600.0,0.0,0.0,0.0,0.0,0.0,0,25,500
600.0,2048.588661934855,-8.06775629664603,-0.00036519517296137636,5.666904154479355e-05,-8.459025534473929e-08,4,25,500
600.0,0.0,0.0,0.0,0.0,0.0,0,25,500
600.0,2012.8914809989628,-8.599486326755114,0.008218195424292448,5.7473389174605116e-05,-1.3446472650372633e-07,4,25,500
600.0,2074.2578034554363,-8.156959166099233,0.002195107700201472,5.731883157135331e-05,-1.0581591617517601e-07,4,25,500
600.0,0.0,0.0,0.0,0.0,0.0,0,25,500
600.0,0.0,0.0,0.0,0.0,0.0,0,25,500
600.0,1825.827905150941,-8.14221118299515,0.008070893685501129,5.672007119828729e-05,-1.2968761663514927e-07,4,25,500
600.0,2092.872540189518,-10.553041465423169,0.012858182048711473,7.169413919413163e-05,-1.7107729339207246e-07,4,25,500
600.0,2064.982127428423,-8.346600331674583,0.001373912743621693,5.860284364139704e-05,-9.545679487088845e-08,4,25,500
600.0,1831.9876113577936,-9.535967080236366,0.01152598297596703,6.595991117825405e-05,-1.45912646350818e-07,4,25,500
600.0,1967.7008213288132,-8.40640532570297,0.005260008922158978,5.597779421198966e-05,-1.1481859901490428e-07,4,25,500
600.0,2384.2933237649236,-10.772792077101425,0.006984431120488796,7.398938467205015e-05,-1.432048120505836e-07,4,25,500
600.0,2029.3806176455896,-9.249072834654736,0.006298979064440969,6.131147672727606e-05,-1.217831322439238e-07,4,25,500
600.0,2027.0943915528237,-8.95118262119215,0.00928346810311529,6.002804951144277e-05,-1.4490467830156658e-07,4,25,500
600.0,0.0,0.0,0.0,0.0,0.0,0,25,500
600.0,2050.0659958800215,-8.330924453479605,-4.221590470376152e-05,5.916320209840819e-05,-8.638657481311344e-08,4,25,500
600.0,0.0,0.0,0.0,0.0,0.0,0,25,500
600.0,0.0,0.0,0.0,0.0,0.0,0,25,500
600.0,1936.8009698920478,-7.9452625306902505,0.004549543266763205,5.348907944255385e-05,-1.1038185140804265e-07,4,25,500
600.0,2108.5053411947697,-8.863747382672534,0.0002220740835186337,6.301781659943916e-05,-9.3973854952082e-08,4,25,500
600.0,2035.8268791913608,-8.620203114239505,-0.0021508453923352894,6.144186654270147e-05,-7.405504056175193e-08,4,25,500
600.0,2075.815774567511,-10.370511581950678,0.008011943469577672,7.107318741353567e-05,-1.3975723583489378e-07,4,25,500
600.0,0.0,0.0,0.0,0.0,0.0,0,25,500
600.0,2061.4791772898407,-8.272247585105406,0.005346527772896722,5.6103780134768344e-05,-1.1797290045907115e-07,4,25,500
600.0,1862.9159061502492,-9.421757518228937,0.011700983493406916,6.332179158319968e-05,-1.5411398443102613e-07,4,25,500
600.0,0.0,0.0,0.0,0.0,0.0,0,25,500
600.0,0.0,0.0,0.0,0.0,0.0,0,25,500
600.0,1933.74316670722,-8.168440187801437,0.005168184345705723,5.518303940882702e-05,-1.209702398508341e-07,4,25,500
600.0,2127.7840784227387,-7.89111421709439,9.250407661199819e-05,5.2904552220843685e-05,-8.384916075544675e-08,4,25,500
600.0,0.0,0.0,0.0,0.0,0.0,0,25,500
600.0,2013.0161231062784,-10.150434574351667,0.010499974550596043,6.80748272861539e-05,-1.5225456710100796e-07,4,25,500
600.0,0.0,0.0,0.0,0.0,0.0,0,25,500
600.0,0.0,0.0,0.0,0.0,0.0,0,25,500
600.0,2058.4000930877273,-8.727761837684394,0.0006753224460401422,5.9799350462636e-05,-9.136957476222497e-08,4,25,500
600.0,1954.2167748900026,-8.32102103311879,0.007887351773845438,5.946005039480687e-05,-1.397937491863569e-07,4,25,500
600.0,2037.205373997314,-8.249238471857968,0.004949073858422928,5.457056351075894e-05,-1.1331245973111723e-07,4,25,500
600.0,1871.4667838453975,-9.28006207615831,0.007578752960045539,6.194583718596738e-05,-1.2055350962502712e-07,4,25,500
600.0,0.0,0.0,0.0,0.0,0.0,0,25,500
600.0,2106.6699030694153,-9.639573464808173,0.0035207620824207727,6.800721780615263e-05,-1.0850369081848994e-07,4,25,500
600.0,0.0,0.0,0.0,0.0,0.0,0,25,500
600.0,2012.2417399472936,-10.872101620009524,0.007602842035147153,7.499530490679687e-05,-1.2920118633713384e-07,4,25,500
600.0,2103.6705061168964,-9.394071086896233,0.007373605540696447,6.457690752305731e-05,-1.36366406104719e-07,4,25,500
600.0,1990.0953417953285,-9.442274012815751,0.006607659049983996,6.34386305002536e-05,-1.1917472891482892e-07,4,25,500
600.0,1982.4981698136874,-8.385793839453898,0.01145906348871083,5.611937188028856e-05,-1.571847716164141e-07,4,25,500
600.0,0.0,0.0,0.0,0.0,0.0,0,25,500
600.0,1912.5216896271863,-8.661224618472087,0.01008369636417238,5.931849167590992e-05,-1.5059914423547267e-07,4,25,500
600.0,0.0,0.0,0.0,0.0,0.0,0,25,500
600.0,0.0,0.0,0.0,0.0,0.0,0,25,500
600.0,0.0,0.0,0.0,0.0,0.0,0,25,500
600.0,1832.3330230750178,-8.655166690579936,0.014088174471271307,5.8720126949213925e-05,-1.7546261931091203e-07,4,25,500
600.0,0.0,0.0,0.0,0.0,0.0,0,25,500
600.0,1995.7095023269947,-8.364508474534235,0.0027460873364138472,5.646856626910856e-05,-9.942423697536326e-08,4,25,500
600.0,1833.6934034579479,-9.634271775089058,0.011847981979851017,6.653197413075985e-05,-1.5497352749908992e-07,4,25,500
600.0,2049.4413113862947,-8.33943270902615,0.002426074578369727,5.5609378289547435e-05,-1.017706583410801e-07,4,25,500
600.0,2104.173658620993,-9.100952812978289,-0.0022815027615362264,6.404643963958043e-05,-7.590800247218502e-08,4,25,500
600.0,0.0,0.0,0.0,0.0,0.0,0,25,500
600.0,0.0,0.0,0.0,0.0,0.0,0,25,500
600.0,903.2245464895868,-6.286309002220985,0.011196177795288883,4.362649928112089e-05,-1.2402145259384474e-07,4,25,1000
600.0,0.0,0.0,0.0,0.0,0.0,0,25,1000
600.0,593.4062631282784,-4.510367866514389,0.011190979684198602,3.1134266462950626e-05,-1.0104372070970848e-07,4,25,1000
600.0,790.0261995220966,-5.995232779098826,0.004841288557832144,3.993146694618424e-05,-6.486411252612054e-08,4,25,1000
600.0,0.0,0.0,0.0,0.0,0.0,0,25,1000
600.0,0.0,0.0,0.0,0.0,0.0,0,25,1000
600.0,0.0,0.0,0.0,0.0,0.0,0,25,1000
600.0,0.0,0.0,0.0,0.0,0.0,0,25,1000
600.0,841.0667634673426,-4.308486947138998,0.004143552807621938,2.9375681962864227e-05,-6.74544249213655e-08,4,25,1000
600.0,838.9296337541166,-4.409059697847286,0.001850929481277951,2.8281121246822975e-05,-4.783440605710521e-08,4,25,1000
600.0,0.0,0.0,0.0,0.0,0.0,0,25,1000
600.0,850.1955428707092,-5.168639344448989,0.005835491118351315,3.559996836163026e-05,-8.294228547408592e-08,4,25,1000
600.0,0.0,0.0,0.0,0.0,0.0,0,25,1000
600.0,773.2965951633701,-4.660016414356417,0.00733934203952693,3.2163789887210026e-05,-8.264492516204989e-08,4,25,1000
600.0,0.0,0.0,0.0,0.0,0.0,0,25,1000
600.0,0.0,0.0,0.0,0.0,0.0,0,25,1000
600.0,0.0,0.0,0.0,0.0,0.0,0,25,1000
600.0,455.36973444382687,-5.642536202067104,0.021570778103335127,3.777245906778694e-05,-1.6331153947369107e-07,4,25,1000
600.0,0.0,0.0,0.0,0.0,0.0,0,25,1000
600.0,0.0,0.0,0.0,0.0,0.0,0,25,1000
600.0,0.0,0.0,0.0,0.0,0.0,0,25,1000
600.0,0.0,0.0,0.0,0.0,0.0,0,25,1000
600.0,0.0,0.0,0.0,0.0,0.0,0,25,1000
600.0,0.0,0.0,0.0,0.0,0.0,0,25,1000
600.0,0.0,0.0,0.0,0.0,0.0,0,25,1000
600.0,865.7284408419507,-5.150460589063502,0.00501414399102096,3.3241228156423424e-05,-6.754831578432123e-08,4,25,1000
600.0,0.0,0.0,0.0,0.0,0.0,0,25,1000
600.0,949.4443616849856,-5.228129002276676,0.005436672909744526,3.430622334216815e-05,-7.673307142987112e-08,4,25,1000
600.0,0.0,0.0,0.0,0.0,0.0,0,25,1000
600.0,0.0,0.0,0.0,0.0,0.0,0,25,1000
600.0,815.288743312434,-5.622214348510715,0.011444210772544918,3.6308439568400076e-05,-1.0559096513405595e-07,4,25,1000
600.0,995.7670449976777,-6.192439585362377,0.001945925953733564,4.1937567302009556e-05,-5.8768334744237937e-08,4,25,1000
600.0,0.0,0.0,0.0,0.0,0.0,0,25,1000
600.0,0.0,0.0,0.0,0.0,0.0,0,25,1000
600.0,0.0,0.0,0.0,0.0,0.0,0,25,1000
600.0,0.0,0.0,0.0,0.0,0.0,0,25,1000
600.0,839.4375205124977,-5.501786875948676,0.00626021371376767,3.802048565193456e-05,-7.547930806744197e-08,4,25,1000
600.0,0.0,0.0,0.0,0.0,0.0,0,25,1000
600.0,1021.1767274895344,-6.126534434805069,0.0026504197905105344,4.084080128655204e-05,-5.950800759324245e-08,4,25,1000
600.0,910.3752590245781,-6.424637985426676,0.007900301979258034,4.3816711280309535e-05,-9.503468551394014e-08,4,25,1000
600.0,1046.2613766281038,-5.6589925642578915,0.002008269009016176,3.911183659922183e-05,-6.051792868397458e-08,4,25,1000
600.0,920.1881708747064,-5.8285077443873305,0.009949575607440935,3.968209702029989e-05,-1.0525029935929202e-07,4,25,1000
600.0,0.0,0.0,0.0,0.0,0.0,0,25,1000
600.0,0.0,0.0,0.0,0.0,0.0,0,25,1000
600.0,0.0,0.0,0.0,0.0,0.0,0,25,1000
600.0,0.0,0.0,0.0,0.0,0.0,0,25,1000
600.0,0.0,0.0,0.0,0.0,0.0,0,25,1000
600.0,1001.1514710258183,-5.193973362290295,0.003081461731221233,3.696431762692228e-05,-6.694458052301675e-08,4,25,1000
600.0,0.0,0.0,0.0,0.0,0.0,0,25,1000
600.0,0.0,0.0,0.0,0.0,0.0,0,25,1000
600.0,1053.6000415783708,-6.114469008363022,0.005867450777295654,4.127102585775526e-05,-8.465199847047054e-08,4,25,1000
600.0,0.0,0.0,0.0,0.0,0.0,0,25,1000
600.0,0.0,0.0,0.0,0.0,0.0,0,25,1000
600.0,0.0,0.0,0.0,0.0,0.0,0,25,1000
600.0,1050.5883709472362,-6.821524369345061,0.00866081799616814,4.3680235392030644e-05,-1.0575816410306682e-07,4,25,1000
600.0,0.0,0.0,0.0,0.0,0.0,0,25,1000
600.0,0.0,0.0,0.0,0.0,0.0,0,25,1000
600.0,0.0,0.0,0.0,0.0,0.0,0,25,1000
600.0,1009.9961876855828,-5.137916232515665,0.00468767993833146,3.2824512767424125e-05,-7.619267181419465e-08,4,25,1000
600.0,0.0,0.0,0.0,0.0,0.0,0,25,1000
600.0,761.5311595818632,-5.709217429936262,0.011622822321790762,3.840268316127245e-05,-1.0819827986452777e-07,4,25,1000
600.0,911.3270838643609,-4.664773776447707,0.0022535052409712723,3.158006200643302e-05,-5.554095649256384e-08,4,25,1000
600.0,1196.6649395143636,-4.868999620677359,-0.0005410365890613923,3.0991650424751244e-05,-4.176688347507896e-08,4,25,1000
600.0,0.0,0.0,0.0,0.0,0.0,0,25,1000
600.0,935.7295683489898,-5.228919746976658,0.005158935638965129,3.603512679742113e-05,-7.335023671720309e-08,4,25,1000
600.0,0.0,0.0,0.0,0.0,0.0,0,25,1000
600.0,989.9308141446215,-5.6332781438894415,0.0038836167839017863,3.6671363128817816e-05,-7.18001386009912e-08,4,25,1000
600.0,896.8155602020512,-5.634990553253441,0.009261157090216144,3.4278426819048034e-05,-9.139843409997291e-08,4,25,1000
600.0,0.0,0.0,0.0,0.0,0.0,0,25,1000
600.0,868.486352233787,-5.250074700316383,0.011225579527595255,3.434986552411643e-05,-1.1235275895585636e-07,4,25,1000
600.0,0.0,0.0,0.0,0.0,0.0,0,25,1000
600.0,0.0,0.0,0.0,0.0,0.0,0,25,1000
600.0,0.0,0.0,0.0,0.0,0.0,0,25,1000
600.0,0.0,0.0,0.0,0.0,0.0,0,25,1000
600.0,1052.7791572669137,-5.544836201375667,0.00633318707761624,3.993012830237569e-05,-9.222372782073555e-08,4,25,1000
600.0,0.0,0.0,0.0,0.0,0.0,0,25,1000
600.0,893.6355598082316,-5.2370938839959695,0.008319030515693406,3.562974384296137e-05,-9.595194987224181e-08,4,25,1000
600.0,0.0,0.0,0.0,0.0,0.0,0,25,1000
600.0,0.0,0.0,0.0,0.0,0.0,0,25,1000
600.0,0.0,0.0,0.0,0.0,0.0,0,25,1000
600.0,0.0,0.0,0.0,0.0,0.0,0,25,1000
600.0,0.0,0.0,0.0,0.0,0.0,0,25,1000
600.0,0.0,0.0,0.0,0.0,0.0,0,25,1000
600.0,852.9810905816945,-5.838560831718171,0.015071101805292302,3.7832846325901063e-05,-1.3463197702264686e-07,4,25,1000
600.0,0.0,0.0,0.0,0.0,0.0,0,25,1000
600.0,0.0,0.0,0.0,0.0,0.0,0,25,1000
600.0,0.0,0.0,0.0,0.0,0.0,0,25,1000
600.0,0.0,0.0,0.0,0.0,0.0,0,25,1000
600.0,832.9669396229458,-5.905390916941254,0.009233461265890815,4.178386166550121e-05,-1.0072099459649042e-07,4,25,1000
600.0,0.0,0.0,0.0,0.0,0.0,0,25,1000
600.0,0.0,0.0,0.0,0.0,0.0,0,25,1000
600.0,0.0,0.0,0.0,0.0,0.0,0,25,1000
600.0,808.7655031302069,-5.508303506674056,0.006022253007196868,3.902996632084146e-05,-7.615909890208894e-08,4,25,1000
600.0,0.0,0.0,0.0,0.0,0.0,0,25,1000
600.0,908.5433048945039,-5.186880632599179,0.001316536346274793,3.525746362184281e-05,-5.100450866964083e-08,4,25,1000
600.0,0.0,0.0,0.0,0.0,0.0,0,25,1000
600.0,1048.2106745988585,-5.3485325409048,0.004819473929070305,3.572709145360348e-05,-7.438475316366196e-08,4,25,1000
600.0,1050.082034760416,-6.010721530299704,0.0024010742108738327,4.1188661458607416e-05,-5.993693209549894e-08,4,25,1000
600.0,0.0,0.0,0.0,0.0,0.0,0,25,1000
600.0,0.0,0.0,0.0,0.0,0.0,0,25,1000
600.0,0,0,0,0,0,0,25,2000
600.0,0,0,0,0,0,0,25,2000
600.0,0,0,0,0,0,0,25,2000
600.0,381.35741460292576,-3.6281645627470085,0.007511574980355738,2.455434449250108e-05,-7.093882422043225e-08,4,25,2000
600.0,0,0,0,0,0,0,25,2000
600.0,0,0,0,0,0,0,25,2000
600.0,0,0,0,0,0,0,25,2000
600.0,0,0,0,0,0,0,25,2000
600.0,0,0,0,0,0,0,25,2000
600.0,0,0,0,0,0,0,25,2000
600.0,489.5903562549371,-4.379120289481945,0.013100522082775217,2.900858367537226e-05,-1.1061587458029789e-07,4,25,2000
600.0,0,0,0,0,0,0,25,2000
600.0,419.56749706645115,-4.1735823226203355,0.009388159883385441,2.7634582433190585e-05,-8.003329872548663e-08,4,25,2000
600.0,575.68121099147,-3.186118115783012,0.0020493680937626398,2.1413066069138113e-05,-3.896619525892866e-08,4,25,2000
600.0,0,0,0,0,0,0,25,2000
600.0,0,0,0,0,0,0,25,2000
600.0,0,0,0,0,0,0,25,2000
600.0,327.40199784032393,-2.3681003962632947,0.003092896440289069,1.6570852972111066e-05,-3.728345062214263e-08,4,25,2000
600.0,0,0,0,0,0,0,25,2000
600.0,0,0,0,0,0,0,25,2000
600.0,0,0,0,0,0,0,25,2000
600.0,0,0,0,0,0,0,25,2000
600.0,0,0,0,0,0,0,25,2000
600.0,0,0,0,0,0,0,25,2000
600.0,593.174078237205,-2.9154038049034887,0.0058366704873774,1.9987845846292473e-05,-6.975316927553253e-08,4,25,2000
600.0,0,0,0,0,0,0,25,2000
600.0,0,0,0,0,0,0,25,2000
600.0,0,0,0,0,0,0,25,2000
600.0,232.70779026125112,-4.124166803085155,0.016148984005862416,2.755665211882138e-05,-1.1725396538802958e-07,4,25,2000
600.0,0,0,0,0,0,0,25,2000
600.0,0,0,0,0,0,0,25,2000
600.0,0,0,0,0,0,0,25,2000
600.0,0,0,0,0,0,0,25,2000
600.0,0,0,0,0,0,0,25,2000
600.0,449.98776099942717,-3.62807858726403,0.007194908758753114,2.3842906228266033e-05,-6.768442403318502e-08,4,25,2000
600.0,0,0,0,0,0,0,25,2000
600.0,0,0,0,0,0,0,25,2000
600.0,0,0,0,0,0,0,25,2000
600.0,0,0,0,0,0,0,25,2000
600.0,355.0272172611791,-3.9044005888228166,0.01289493174404214,2.9230123218393537e-05,-9.965467329863717e-08,4,25,2000
600.0,395.52147478630553,-3.8616616288116656,0.008665694416683172,2.6795890416035294e-05,-7.276983137380094e-08,4,25,2000
600.0,0,0,0,0,0,0,25,2000
600.0,0,0,0,0,0,0,25,2000
600.0,0,0,0,0,0,0,25,2000
600.0,0,0,0,0,0,0,25,2000
600.0,577.2736826562369,-3.6056400845056977,0.0034746960115789316,2.5611865198212783e-05,-5.339351037505303e-08,4,25,2000
600.0,421.4354444451145,-3.8574454893847183,0.010857924365917423,2.573592002118897e-05,-9.27433173851125e-08,4,25,2000
600.0,0,0,0,0,0,0,25,2000
600.0,656.5505582336364,-3.8094408666082296,0.00276388610055334,2.47325130764943e-05,-4.831072434706665e-08,4,25,2000
600.0,0,0,0,0,0,0,25,2000
600.0,447.27463871811767,-4.394701796254208,0.011088006182021045,2.940646197290326e-05,-9.065560402406096e-08,4,25,2000
600.0,0,0,0,0,0,0,25,2000
600.0,447.7729877140188,-3.1406228780114485,0.0063270305713666476,1.9603779995527272e-05,-6.676486843643148e-08,4,25,2000
600.0,0,0,0,0,0,0,25,2000
600.0,328.25380066323413,-4.219165165736879,0.00861267517053333,2.9344582078805476e-05,-7.259295023560328e-08,4,25,2000
600.0,0,0,0,0,0,0,25,2000
600.0,428.2587742049766,-3.289562884031768,0.01070217639393002,2.2597685912954416e-05,-9.05869125729794e-08,4,25,2000
600.0,0,0,0,0,0,0,25,2000
600.0,0,0,0,0,0,0,25,2000
600.0,570.5303081573645,-4.315227335930398,0.006487627513417819,2.8291683595758095e-05,-6.218893590548566e-08,4,25,2000
600.0,0,0,0,0,0,0,25,2000
600.0,0,0,0,0,0,0,25,2000
600.0,0,0,0,0,0,0,25,2000
600.0,0,0,0,0,0,0,25,2000
600.0,0,0,0,0,0,0,25,2000
600.0,0,0,0,0,0,0,25,2000
600.0,440.30746524091376,-2.804566628647515,0.004519275775350935,1.837258133525261e-05,-5.248722600684204e-08,4,25,2000
600.0,0,0,0,0,0,0,25,2000
600.0,0,0,0,0,0,0,25,2000
600.0,0,0,0,0,0,0,25,2000
600.0,405.4849231695127,-4.279695084342045,0.012709557665685645,2.91926395187316e-05,-1.059175385353536e-07,4,25,2000
600.0,481.07910222400284,-3.4227810727674832,0.003163597962250373,2.4548631285283572e-05,-4.7010692490201264e-08,4,25,2000
600.0,0,0,0,0,0,0,25,2000
600.0,530.2366513221435,-4.061828068304329,0.0025144025638835707,3.074026597323187e-05,-4.7347060069306684e-08,4,25,2000
600.0,0,0,0,0,0,0,25,2000
600.0,614.0376373237631,-3.517371366281775,0.001938242720442614,2.2609009299559668e-05,-3.7953075512211275e-08,4,25,2000
600.0,0,0,0,0,0,0,25,2000
600.0,598.0134592716646,-3.3218448637676183,0.004401364170140349,2.3346318712421475e-05,-5.4987012425274827e-08,4,25,2000
600.0,0,0,0,0,0,0,25,2000
600.0,0,0,0,0,0,0,25,2000
600.0,0,0,0,0,0,0,25,2000
600.0,699.9134459475575,-3.7182352059891888,0.002014014149907188,2.584536908180323e-05,-4.7988363259249984e-08,4,25,2000
600.0,0,0,0,0,0,0,25,2000
600.0,0,0,0,0,0,0,25,2000
600.0,429.69606072122855,-3.222195019242456,0.009333244975150626,1.9714837479563557e-05,-8.060095959685575e-08,4,25,2000
600.0,621.8034425505817,-2.5477517706701014,0.0011220664891504765,1.8465878839650142e-05,-4.13911810182938e-08,4,25,2000
600.0,0,0,0,0,0,0,25,2000
600.0,620.6949461452339,-3.32529652736093,0.009553552186097646,2.2068166890266197e-05,-9.634445734157814e-08,4,25,2000
600.0,523.3797643635482,-3.080621138558317,0.00796912976020482,1.9562471511011615e-05,-7.803675341996103e-08,4,25,2000
600.0,0,0,0,0,0,0,25,2000
600.0,0,0,0,0,0,0,25,2000
600.0,723.3971511761293,-3.446666264477197,0.0014912625359696635,2.4731441210660252e-05,-4.514960017142872e-08,4,25,2000
600.0,0,0,0,0,0,0,25,2000
600.0,0,0,0,0,0,0,25,2000
600.0,0,0,0,0,0,0,25,2000
600.0,0,0,0,0,0,0,25,2000
600.0,690.8700843857985,-3.7331023277244437,0.0016707123558961988,2.8221241986557053e-05,-4.782784236714744e-08,4,25,2000
600.0,0,0,0,0,0,0,25,2000
600.0,0,0,0,0,0,0,25,2000
600.0,0,0,0,0,0,0,25,2000
600.0,0,0,0,0,0,0,25,4000
600.0,174.44637271079603,-2.1131721684309284,0.004257298182571448,1.5890337464025527e-05,-4.424635984566159e-08,4,25,4000
600.0,0,0,0,0,0,0,25,4000
600.0,0,0,0,0,0,0,25,4000
600.0,0,0,0,0,0,0,25,4000
600.0,0,0,0,0,0,0,25,4000
600.0,0,0,0,0,0,0,25,4000
600.0,388.9079169350984,-2.8741012592875337,0.0068833191572268745,1.9457117546416865e-05,-6.878484775353253e-08,4,25,4000
600.0,0,0,0,0,0,0,25,4000
600.0,0,0,0,0,0,0,25,4000
600.0,0,0,0,0,0,0,25,4000
600.0,0,0,0,0,0,0,25,4000
600.0,0,0,0,0,0,0,25,4000
600.0,0,0,0,0,0,0,25,4000
600.0,0,0,0,0,0,0,25,4000
600.0,0,0,0,0,0,0,25,4000
600.0,0,0,0,0,0,0,25,4000
600.0,0,0,0,0,0,0,25,4000
600.0,0,0,0,0,0,0,25,4000
600.0,0,0,0,0,0,0,25,4000
600.0,0,0,0,0,0,0,25,4000
600.0,0,0,0,0,0,0,25,4000
600.0,0,0,0,0,0,0,25,4000
600.0,0,0,0,0,0,0,25,4000
600.0,0,0,0,0,0,0,25,4000
600.0,0,0,0,0,0,0,25,4000
600.0,0,0,0,0,0,0,25,4000
600.0,0,0,0,0,0,0,25,4000
600.0,0,0,0,0,0,0,25,4000
600.0,0,0,0,0,0,0,25,4000
600.0,0,0,0,0,0,0,25,4000
600.0,200.26235915338876,-2.1542212564505827,0.0071130760847997005,1.6664457179876146e-05,-6.569249378091162e-08,4,25,4000
600.0,0,0,0,0,0,0,25,4000
600.0,0,0,0,0,0,0,25,4000
600.0,0,0,0,0,0,0,25,4000
600.0,0,0,0,0,0,0,25,4000
600.0,0,0,0,0,0,0,25,4000
600.0,0,0,0,0,0,0,25,4000
600.0,0,0,0,0,0,0,25,4000
600.0,0,0,0,0,0,0,25,4000
600.0,0,0,0,0,0,0,25,4000
600.0,0,0,0,0,0,0,25,4000
600.0,0,0,0,0,0,0,25,4000
600.0,0,0,0,0,0,0,25,4000
600.0,0,0,0,0,0,0,25,4000
600.0,356.77741064315467,-0.957574284395774,0.0009472193871872686,5.747834470936851e-06,-2.9139321209778152e-08,4,25,4000
600.0,0,0,0,0,0,0,25,4000
600.0,630.5166712929058,-1.1286512433309326,-0.014772290081757854,8.75482952848253e-06,6.775304808334675e-08,4,25,4000
600.0,0,0,0,0,0,0,25,4000
600.0,0,0,0,0,0,0,25,4000
600.0,0,0,0,0,0,0,25,4000
600.0,0,0,0,0,0,0,25,4000
600.0,0,0,0,0,0,0,25,4000
600.0,0,0,0,0,0,0,25,4000
600.0,0,0,0,0,0,0,25,4000
600.0,0,0,0,0,0,0,25,4000
600.0,0,0,0,0,0,0,25,4000
600.0,0,0,0,0,0,0,25,4000
600.0,0,0,0,0,0,0,25,4000
600.0,0,0,0,0,0,0,25,4000
600.0,0,0,0,0,0,0,25,4000
600.0,0,0,0,0,0,0,25,4000
600.0,648.3274639717348,-0.6144546792428278,-0.01707313580574067,5.745168375479429e-06,7.988964138032161e-08,4,25,4000
600.0,166.77640144213808,-2.961764965931142,0.012812998531918354,2.1235410020493116e-05,-1.0438197243799027e-07,4,25,4000
600.0,0,0,0,0,0,0,25,4000
600.0,0,0,0,0,0,0,25,4000
600.0,0,0,0,0,0,0,25,4000
600.0,0,0,0,0,0,0,25,4000
600.0,0,0,0,0,0,0,25,4000
600.0,0,0,0,0,0,0,25,4000
600.0,0,0,0,0,0,0,25,4000
600.0,0,0,0,0,0,0,25,4000
600.0,0,0,0,0,0,0,25,4000
600.0,0,0,0,0,0,0,25,4000
600.0,0,0,0,0,0,0,25,4000
600.0,0,0,0,0,0,0,25,4000
600.0,191.1254568823137,-2.568033431386132,0.011313172261965133,1.859469788607006e-05,-9.160519854064769e-08,4,25,4000
600.0,0,0,0,0,0,0,25,4000
600.0,0,0,0,0,0,0,25,4000
600.0,0,0,0,0,0,0,25,4000
600.0,0,0,0,0,0,0,25,4000
600.0,0,0,0,0,0,0,25,4000
600.0,0,0,0,0,0,0,25,4000
600.0,0,0,0,0,0,0,25,4000
600.0,0,0,0,0,0,0,25,4000
600.0,0,0,0,0,0,0,25,4000
600.0,0,0,0,0,0,0,25,4000
600.0,0,0,0,0,0,0,25,4000
600.0,0,0,0,0,0,0,25,4000
600.0,0,0,0,0,0,0,25,4000
600.0,0,0,0,0,0,0,25,4000
600.0,0,0,0,0,0,0,25,4000
600.0,0,0,0,0,0,0,25,4000
600.0,0,0,0,0,0,0,25,4000
600.0,0,0,0,0,0,0,25,4000
600.0,0,0,0,0,0,0,25,4000
600.0,269.9123018935762,-2.0567188325885826,0.0044482762611875925,1.538791009796554e-05,-4.576030763630736e-08,4,25,4000
600.0,0,0,0,0,0,0,25,4000
600.0,0,0,0,0,0,0,25,4000
600.0,0,0,0,0,0,0,25,4000
600.0,0,0,0,0,0,0,75,200
600.0,0,0,0,0,0,0,75,200
600.0,0,0,0,0,0,0,75,200
600.0,0,0,0,0,0,0,75,200
600.0,0,0,0,0,0,0,75,200
600.0,0,0,0,0,0,0,75,200
600.0,0,0,0,0,0,0,75,200
600.0,0,0,0,0,0,0,75,200
600.0,0,0,0,0,0,0,75,200
600.0,0,0,0,0,0,0,75,200
600.0,0,0,0,0,0,0,75,200
600.0,0,0,0,0,0,0,75,200
600.0,0,0,0,0,0,0,75,200
600.0,0,0,0,0,0,0,75,200
600.0,0,0,0,0,0,0,75,200
600.0,0,0,0,0,0,0,75,200
600.0,0,0,0,0,0,0,75,200
600.0,0,0,0,0,0,0,75,200
600.0,0,0,0,0,0,0,75,200
600.0,0,0,0,0,0,0,75,200
600.0,0,0,0,0,0,0,75,200
600.0,0,0,0,0,0,0,75,200
600.0,0,0,0,0,0,0,75,200
600.0,0,0,0,0,0,0,75,200
600.0,0,0,0,0,0,0,75,200
600.0,0,0,0,0,0,0,75,200
600.0,0,0,0,0,0,0,75,200
600.0,0,0,0,0,0,0,75,200
600.0,0,0,0,0,0,0,75,200
600.0,0,0,0,0,0,0,75,200
600.0,0,0,0,0,0,0,75,200
600.0,0,0,0,0,0,0,75,200
600.0,0,0,0,0,0,0,75,200
600.0,0,0,0,0,0,0,75,200
600.0,0,0,0,0,0,0,75,200
600.0,0,0,0,0,0,0,75,200
600.0,0,0,0,0,0,0,75,200
600.0,0,0,0,0,0,0,75,200
600.0,0,0,0,0,0,0,75,200
600.0,0,0,0,0,0,0,75,200
600.0,0,0,0,0,0,0,75,200
600.0,0,0,0,0,0,0,75,200
600.0,0,0,0,0,0,0,75,200
600.0,0,0,0,0,0,0,75,200
600.0,0,0,0,0,0,0,75,200
600.0,0,0,0,0,0,0,75,200
600.0,0,0,0,0,0,0,75,200
600.0,0,0,0,0,0,0,75,200
600.0,0,0,0,0,0,0,75,200
600.0,0,0,0,0,0,0,75,200
600.0,0,0,0,0,0,0,75,200
600.0,0,0,0,0,0,0,75,200
600.0,0,0,0,0,0,0,75,200
600.0,0,0,0,0,0,0,75,200
600.0,0,0,0,0,0,0,75,200
600.0,0,0,0,0,0,0,75,200
600.0,0,0,0,0,0,0,75,200
600.0,0,0,0,0,0,0,75,200
600.0,0,0,0,0,0,0,75,200
600.0,0,0,0,0,0,0,75,200
600.0,0,0,0,0,0,0,75,200
600.0,0,0,0,0,0,0,75,200
600.0,0,0,0,0,0,0,75,200
600.0,0,0,0,0,0,0,75,200
600.0,0,0,0,0,0,0,75,200
600.0,0,0,0,0,0,0,75,200
600.0,0,0,0,0,0,0,75,200
600.0,0,0,0,0,0,0,75,200
600.0,0,0,0,0,0,0,75,200
600.0,0,0,0,0,0,0,75,200
600.0,0,0,0,0,0,0,75,200
600.0,0,0,0,0,0,0,75,200
600.0,0,0,0,0,0,0,75,200
600.0,0,0,0,0,0,0,75,200
600.0,0,0,0,0,0,0,75,200
600.0,0,0,0,0,0,0,75,200
600.0,0,0,0,0,0,0,75,200
600.0,0,0,0,0,0,0,75,200
600.0,0,0,0,0,0,0,75,200
600.0,0,0,0,0,0,0,75,200
600.0,0,0,0,0,0,0,75,200
600.0,0,0,0,0,0,0,75,200
600.0,0,0,0,0,0,0,75,200
600.0,0,0,0,0,0,0,75,200
600.0,0,0,0,0,0,0,75,200
600.0,0,0,0,0,0,0,75,200
600.0,0,0,0,0,0,0,75,200
600.0,0,0,0,0,0,0,75,200
600.0,0,0,0,0,0,0,75,200
600.0,0,0,0,0,0,0,75,200
600.0,0,0,0,0,0,0,75,200
600.0,0,0,0,0,0,0,75,200
600.0,0,0,0,0,0,0,75,200
600.0,0,0,0,0,0,0,75,200
600.0,0,0,0,0,0,0,75,200
600.0,0,0,0,0,0,0,75,200
600.0,0,0,0,0,0,0,75,200
600.0,0,0,0,0,0,0,75,200
600.0,0,0,0,0,0,0,75,200
600.0,0,0,0,0,0,0,75,200
600.0,0,0,0,0,0,0,75,500
600.0,6713.844540344766,-22.266275100768173,-0.005823981475543216,0.00015037464737669928,-2.1007313504309658e-07,4,75,500
600.0,0,0,0,0,0,0,75,500
600.0,0,0,0,0,0,0,75,500
600.0,0,0,0,0,0,0,75,500
600.0,6711.949318771353,-22.081189382299073,-0.0033705182784740367,0.000147974553931206,-2.2669872024717724e-07,4,75,500
600.0,6737.292304307247,-22.90503211641288,0.005709975977863498,0.00015401120355417142,-2.8306839139693657e-07,4,75,500
600.0,0,0,0,0,0,0,75,500
600.0,6385.742364708342,-22.12935580693917,0.005753631875803434,0.00014933500223779326,-2.69478215386731e-07,4,75,500
600.0,0,0,0,0,0,0,75,500
600.0,6902.65291356037,-21.642767481896446,-0.010153097700047745,0.00014632801564859205,-1.9569672424179028e-07,4,75,500
600.0,7038.006009963441,-24.04487630165437,-0.005157258025642274,0.00016105289087238957,-2.2242452286976678e-07,4,75,500
600.0,6675.064824118586,-22.14903555958852,-0.0002091002430954815,0.00014909463605832283,-2.4318566571685896e-07,4,75,500
600.0,0,0,0,0,0,0,75,500
600.0,6631.461317396085,-20.485043048236566,0.0003458416499486053,0.00013787374938729367,-2.477970795808373e-07,4,75,500
600.0,0,0,0,0,0,0,75,500
600.0,6874.227732993274,-20.303945082735495,-0.0077676821179045,0.00013832890289429439,-2.102702171911272e-07,4,75,500
600.0,0,0,0,0,0,0,75,500
600.0,6783.3438932351255,-20.793989420000226,-0.005932110296806358,0.0001401847230281667,-2.1426106040444393e-07,4,75,500
600.0,6545.832542318328,-21.0196019826255,-0.0076000308807500265,0.00014078557779294577,-1.8536390531561828e-07,4,75,500
600.0,0,0,0,0,0,0,75,500
600.0,0,0,0,0,0,0,75,500
600.0,6933.426639377811,-22.407522604635332,-0.0021137054238751936,0.0001516288510948042,-2.4499199978920095e-07,4,75,500
600.0,6882.177143194903,-21.23679660023138,-0.010160041154347363,0.00014339592961718482,-1.8832240394372027e-07,4,75,500
600.0,6945.606252667854,-23.19636975781043,-0.0005340147035483532,0.00015708631773156268,-2.515580653903999e-07,4,75,500
600.0,0,0,0,0,0,0,75,500
600.0,6821.324534380942,-21.822932136395444,-0.005142974114157687,0.00014882694122171484,-2.1648252514408675e-07,4,75,500
600.0,0,0,0,0,0,0,75,500
600.0,6782.839495732925,-19.7611240649922,-0.004842809764564006,0.00013113130985808295,-2.166024641362794e-07,4,75,500
600.0,0,0,0,0,0,0,75,500
600.0,0,0,0,0,0,0,75,500
600.0,0,0,0,0,0,0,75,500
600.0,6725.614921255255,-22.076984119913913,0.002208283454560784,0.0001469116275365081,-2.6358228025424906e-07,4,75,500
600.0,6516.550271723728,-21.39339897469956,-0.0009749193178512326,0.0001462215195272981,-2.290869746993924e-07,4,75,500
600.0,6891.242057029832,-21.205879331218217,-0.009593710932063473,0.0001462359590908049,-1.9095974216721182e-07,4,75,500
600.0,7076.8114982541665,-22.98148741213406,-0.005263331286156877,0.00015872953447885463,-2.291812997870042e-07,4,75,500
600.0,6807.352946322514,-21.181154939423084,0.0011542728257517305,0.00014022487136796115,-2.6062752739468056e-07,4,75,500
600.0,6830.723930720669,-21.91801505702168,-0.004992638703153729,0.00014809558744651144,-2.1377222138646868e-07,4,75,500
600.0,7126.9677424883785,-22.332907483809983,-0.006447141531667351,0.0001509543803665594,-2.1787947990809532e-07,4,75,500
600.0,7242.686021570734,-25.04414817384722,-0.0066787588930550534,0.00016867996578973703,-2.2088194803215605e-07,4,75,500
600.0,6852.470535338608,-19.693933092934813,-0.004870266843485224,0.00013515988695380574,-2.213625458683887e-07,4,75,500
600.0,0,0,0,0,0,0,75,500
600.0,6723.152640080533,-22.121203167476416,0.00432280091555607,0.00014868375198954126,-2.63047088267738e-07,4,75,500
600.0,0,0,0,0,0,0,75,500
600.0,0,0,0,0,0,0,75,500
600.0,0,0,0,0,0,0,75,500
600.0,0,0,0,0,0,0,75,500
600.0,0,0,0,0,0,0,75,500
600.0,7190.780318485683,-22.625433309908246,-0.004743794574244273,0.0001544063222848441,-2.3435244243483203e-07,4,75,500
600.0,0,0,0,0,0,0,75,500
600.0,0,0,0,0,0,0,75,500
600.0,6910.914091869974,-22.727127200991962,-0.007087987330927354,0.0001526560415309694,-2.0738503338530474e-07,4,75,500
600.0,6866.972786243438,-22.09963887070126,0.0039007062768761838,0.00014781681534421434,-2.7683297105710575e-07,4,75,500
600.0,0,0,0,0,0,0,75,500
600.0,6787.122215963836,-21.362286460686846,-0.006172163066268983,0.00014431962268007117,-2.06577433900184e-07,4,75,500
600.0,6801.10017392643,-21.588396461617904,-0.0038446001546167206,0.00014625492078864378,-2.2299472727830216e-07,4,75,500
600.0,7345.364040939807,-23.609643899528372,-0.012410898506650133,0.0001606617926274213,-1.9550588770592927e-07,4,75,500
600.0,6801.405438265401,-22.833742347654326,-0.003664117417779159,0.0001545674769035946,-2.2012583405332867e-07,4,75,500
600.0,0,0,0,0,0,0,75,500
600.0,0,0,0,0,0,0,75,500
600.0,0,0,0,0,0,0,75,500
600.0,0,0,0,0,0,0,75,500
600.0,6981.444143963786,-21.964443693075218,-0.005887486685926976,0.0001477805882436679,-2.226282337839163e-07,4,75,500
600.0,0,0,0,0,0,0,75,500
600.0,0,0,0,0,0,0,75,500
600.0,6642.404240972783,-20.75857719664324,-0.00737192631853062,0.00013935364074970402,-1.9362954402116233e-07,4,75,500
600.0,6523.245973851886,-21.28104407655524,0.000851717993273134,0.00014484099103796797,-2.4576123973322427e-07,4,75,500
600.0,6979.688436886007,-21.975209882221492,-0.008891989727860775,0.00014928143614151084,-2.0191239242498447e-07,4,75,500
600.0,6504.515250661388,-21.92321285012988,0.004280800951303429,0.00014770157785568778,-2.6007707713312665e-07,4,75,500
600.0,6990.002652363908,-24.398093503004613,-0.000950339761011134,0.00016686874227171743,-2.549823639792971e-07,4,75,500
600.0,0,0,0,0,0,0,75,500
600.0,7812.188725436349,-24.868870950405643,-0.012335556860601718,0.00016620057088167575,-2.1366346710625525e-07,4,75,500
600.0,6602.840807829348,-22.646667443438517,0.008951656477368713,0.00015124171634771456,-2.9684462520617597e-07,4,75,500
600.0,0,0,0,0,0,0,75,500
600.0,0,0,0,0,0,0,75,500
600.0,7035.873062363191,-22.03639012661756,-0.00583530578667325,0.00014962135289804746,-2.2257019395548172e-07,4,75,500
600.0,0,0,0,0,0,0,75,500
600.0,6713.537330262345,-23.701652453324822,0.012613155253069202,0.00016063323401073435,-3.232299451452036e-07,4,75,500
600.0,6719.111527257574,-22.31765200241017,0.0014065438077781357,0.00015239178290394514,-2.5982633404461413e-07,4,75,500
600.0,6626.062876171287,-22.70424612210229,0.005732017610847375,0.00015356024623188974,-2.8391263998773015e-07,4,75,500
600.0,6485.956012110873,-21.42672195582912,-0.002729628134880087,0.00014257130174221436,-2.1617133751018413e-07,4,75,500
600.0,6747.876936005802,-21.607462305814003,-0.003857090015399484,0.00014775114634180933,-2.3130126239740984e-07,4,75,500
600.0,0,0,0,0,0,0,75,500
600.0,0,0,0,0,0,0,75,500
600.0,6488.317519187365,-20.19525733857155,-0.0073026014632852874,0.00013644845205872057,-1.9335645992904098e-07,4,75,500
600.0,6710.883507066052,-21.792667828713505,0.0013367247730835807,0.00014880311468830438,-2.534321908370035e-07,4,75,500
600.0,6653.530139235834,-20.695871509615632,-0.005010414974695205,0.00014136906211870853,-2.1106913942747683e-07,4,75,500
600.0,6526.40352549039,-21.132994535308743,0.003115907114236373,0.00014107568899072903,-2.630667560658331e-07,4,75,500
600.0,0,0,0,0,0,0,75,500
600.0,6739.520704735251,-21.571275951209643,-0.004101922813229453,0.00014565047221302556,-2.170522850928795e-07,4,75,500
600.0,6298.3393110856105,-20.853181423494608,0.00042619149214255146,0.00014191631487570354,-2.3262372396338828e-07,4,75,500
600.0,6888.350335402693,-21.78644232661904,-0.005381534651549181,0.00014871482073261537,-2.191089550153578e-07,4,75,500
600.0,6938.997017624189,-21.47739426411794,-0.006463834691426364,0.00014471841200062324,-2.157486175810875e-07,4,75,500
600.0,6484.816173867078,-21.705086022703263,0.00860493648041927,0.00014521287966253078,-2.8870477425449284e-07,4,75,500
600.0,6576.623239436697,-20.643122830184883,-0.004509098129747158,0.00013837814314303322,-2.0789649785585443e-07,4,75,500
600.0,6824.480591640916,-21.078561414132317,-0.0004301861038579491,0.00014227954751109412,-2.473960825642561e-07,4,75,500
600.0,0,0,0,0,0,0,75,500
600.0,6825.79857528875,-22.078220030887028,-0.004041945848520042,0.00015003410812093645,-2.2805947556345674e-07,4,75,500
600.0,0,0,0,0,0,0,75,500
600.0,0,0,0,0,0,0,75,500
600.0,2121.9795036854093,-9.878412879775624,0.00759662534973264,6.532930875119839e-05,-1.3101412526719537e-07,4,75,1000
600.0,2600.4383512867685,-10.336018511318517,0.00033879309516041903,6.65859337938247e-05,-9.893232924914359e-08,4,75,1000
600.0,2682.00682692572,-12.671234297834191,0.01310568182947142,8.286487281965143e-05,-1.8727212545984991e-07,4,75,1000
600.0,0.0,0.0,0.0,0.0,0.0,0,75,1000
600.0,0.0,0.0,0.0,0.0,0.0,0,75,1000
600.0,2695.8769261003213,-11.903432597815335,0.008056719854624448,8.105202639496377e-05,-1.537516820573766e-07,4,75,1000
600.0,2809.7904256825195,-11.635935656794967,0.00919261160202434,7.795084449664264e-05,-1.660322909002572e-07,4,75,1000
600.0,2948.4758082247445,-11.671763123003464,0.003667208368052827,7.796858700670858e-05,-1.3290399440456143e-07,4,75,1000
600.0,3016.554991403027,-12.850783872504191,0.00330124634558136,8.734891773615674e-05,-1.3867876650487586e-07,4,75,1000
600.0,2970.3476595328675,-11.422177680578416,0.0015484883746567767,7.392975079867782e-05,-1.2232543389301142e-07,4,75,1000
600.0,0.0,0.0,0.0,0.0,0.0,0,75,1000
600.0,2773.2919800804293,-10.923632700055084,0.004365470673930676,7.225723702757402e-05,-1.29397767726785e-07,4,75,1000
600.0,2488.921881520765,-11.42663617420287,0.015989608621740502,7.345980633943079e-05,-1.9382145939182534e-07,4,75,1000
600.0,2841.1470934981944,-12.141851183606136,0.004743157367833952,8.13534216889311e-05,-1.3820307311480514e-07,4,75,1000
600.0,2698.5732875938356,-11.75622041353623,0.010446163077643237,7.627914678532706e-05,-1.6741031574775591e-07,4,75,1000
600.0,2931.3641020639297,-11.851110350662,0.001568323747418623,7.812926535888422e-05,-1.208169947120767e-07,4,75,1000
600.0,2891.4304686505193,-12.562653822755136,0.013472278061507319,8.410475353815846e-05,-1.9642182515615133e-07,4,75,1000
600.0,2723.8585579008122,-11.386935143662134,0.001766767043394952,7.693040939789209e-05,-1.1600319522029136e-07,4,75,1000
600.0,0.0,0.0,0.0,0.0,0.0,0,75,1000
600.0,0.0,0.0,0.0,0.0,0.0,0,75,1000
600.0,0.0,0.0,0.0,0.0,0.0,0,75,1000
600.0,2737.385947939307,-9.486044971966605,0.005106524213654213,6.246342694276731e-05,-1.4410084774832762e-07,4,75,1000
600.0,0.0,0.0,0.0,0.0,0.0,0,75,1000
600.0,2646.8916572685985,-10.198093437679056,0.0007915129549899069,6.728708138091495e-05,-1.058539193796652e-07,4,75,1000
600.0,2799.4845792969477,-10.820692405172796,0.004305565291732648,7.152074195919049e-05,-1.28957053985314e-07,4,75,1000
600.0,0.0,0.0,0.0,0.0,0.0,0,75,1000
600.0,3057.12288071174,-11.847433639607893,0.0007450393173762792,8.200070784614688e-05,-1.253695975945283e-07,4,75,1000
600.0,2833.2827685728066,-11.064089797737855,0.0023029277666614463,7.51824662519221e-05,-1.2287494472659143e-07,4,75,1000
600.0,0.0,0.0,0.0,0.0,0.0,0,75,1000
600.0,2870.1070800265343,-12.668248272639678,0.009067500408798775,8.393207355291348e-05,-1.6671193975288268e-07,4,75,1000
600.0,2318.606506488895,-8.853999104448382,0.007210043904817286,5.855371575531627e-05,-1.3830817108665262e-07,4,75,1000
600.0,2565.220503175673,-9.165743170284056,0.0028867038471577307,6.015169240107985e-05,-1.1541452301800994e-07,4,75,1000
600.0,2899.257509675916,-11.184224300438316,-0.00028848305587265565,7.542964170562516e-05,-1.1125914867768541e-07,4,75,1000
600.0,0.0,0.0,0.0,0.0,0.0,0,75,1000
600.0,0.0,0.0,0.0,0.0,0.0,0,75,1000
600.0,0.0,0.0,0.0,0.0,0.0,0,75,1000
600.0,2855.416788372642,-11.19979216229075,0.005367359076218772,7.547429970077333e-05,-1.4657335776201723e-07,4,75,1000
600.0,2800.1928919366146,-11.742233936759028,0.005388648661861574,7.813458095210224e-05,-1.4054986978778627e-07,4,75,1000
600.0,2841.8201386043397,-10.981474917369344,-0.00010322078147521652,7.405121860678266e-05,-1.0635338374286076e-07,4,75,1000
600.0,2973.711487205877,-10.362307102116578,-0.0026961206520476583,6.995935981210971e-05,-1.0006142075848693e-07,4,75,1000
600.0,0.0,0.0,0.0,0.0,0.0,0,75,1000
600.0,2502.6795663393186,-8.555017234026444,0.001624354353369845,5.6016857839708556e-05,-1.0697390201376122e-07,4,75,1000
600.0,0.0,0.0,0.0,0.0,0.0,0,75,1000
600.0,2764.472442970297,-9.911392591678492,0.002870538799032942,6.644813667704521e-05,-1.2388745385955348e-07,4,75,1000
600.0,0.0,0.0,0.0,0.0,0.0,0,75,1000
600.0,2711.0448030952657,-11.898322017044054,0.011421919915831314,7.991500873169889e-05,-1.7858727128885725e-07,4,75,1000
600.0,2980.6461751693305,-10.382121746937464,0.001687251503617814,6.908484420667771e-05,-1.2642147391135143e-07,4,75,1000
600.0,3024.5485346617547,-10.320009252042833,0.0007901706049756405,7.117291711174774e-05,-1.2824344023220156e-07,4,75,1000
600.0,0.0,0.0,0.0,0.0,0.0,0,75,1000
600.0,2890.3620178740293,-11.104981711158779,0.0004139805032747426,7.340116706112642e-05,-1.0502783788841106e-07,4,75,1000
600.0,2049.3133812560095,-7.640003502501819,0.002877502592396805,5.457808868960583e-05,-1.0196362403000888e-07,4,75,1000
600.0,0.0,0.0,0.0,0.0,0.0,0,75,1000
600.0,2893.6009232119777,-11.2187785832802,0.0007598957825228668,7.380666365613476e-05,-1.108868746094419e-07,4,75,1000
600.0,3022.207250688694,-10.418516325828687,-0.0019592097342270836,7.02147731766129e-05,-1.1125897059182857e-07,4,75,1000
600.0,3064.89704591226,-10.684003184797803,-0.005746058333931236,7.145821691422728e-05,-8.085143547596423e-08,4,75,1000
600.0,2800.897987520906,-12.108327053317838,0.0033244658335912208,8.15931227491065e-05,-1.2664563220592866e-07,4,75,1000
600.0,0.0,0.0,0.0,0.0,0.0,0,75,1000
600.0,2998.853009291461,-11.736846542927914,-0.002256780728042653,8.05511573608977e-05,-1.0142947812045723e-07,4,75,1000
600.0,2920.1980245304476,-10.60474876017186,-0.003135771429926173,6.949311557982773e-05,-9.021195099639071e-08,4,75,1000
600.0,0.0,0.0,0.0,0.0,0.0,0,75,1000
600.0,0.0,0.0,0.0,0.0,0.0,0,75,1000
600.0,2356.6365457192564,-9.938640440238684,0.010967321029795299,6.666962820047887e-05,-1.5961924348921513e-07,4,75,1000
600.0,0.0,0.0,0.0,0.0,0.0,0,75,1000
600.0,2875.948345023492,-10.091034823797195,0.0054793439404778824,6.828092773620443e-05,-1.4852289941241276e-07,4,75,1000
600.0,0.0,0.0,0.0,0.0,0.0,0,75,1000
600.0,2822.281439490038,-13.263804227739225,0.013305085578708293,8.661373788328624e-05,-1.8749160521584328e-07,4,75,1000
600.0,2643.5375485877275,-10.037139011194169,0.007516412415797982,6.498220743026262e-05,-1.448556086850733e-07,4,75,1000
600.0,2900.436764932843,-10.335245316823784,-0.0014829380562955156,6.83589502870767e-05,-9.923742620554185e-08,4,75,1000
600.0,2978.548156600356,-10.946945746450934,0.001050206976920754,7.426333024898016e-05,-1.193611279125711e-07,4,75,1000
600.0,2708.677375906597,-10.570410582346508,-0.0008926536412471789,6.988430678005619e-05,-9.19966957482512e-08,4,75,1000
600.0,0.0,0.0,0.0,0.0,0.0,0,75,1000
600.0,2610.892098689813,-11.01472558521489,0.003429280724981357,7.326443663862385e-05,-1.1498390188817416e-07,4,75,1000
600.0,2620.8375438020644,-10.078699048565525,0.0058719928762026065,6.718665758825727e-05,-1.3743072996575208e-07,4,75,1000
600.0,2966.515896755494,-11.87284551147184,0.0025923553111638254,7.710882829080974e-05,-1.2245285777740676e-07,4,75,1000
600.0,0.0,0.0,0.0,0.0,0.0,0,75,1000
600.0,2705.9003941953492,-10.004582781628155,0.004932541671089392,6.638300073564069e-05,-1.3920419782620081e-07,4,75,1000
600.0,2832.3240963466305,-10.940660679670756,0.0008067888651978436,7.161738223539313e-05,-1.1044812547297768e-07,4,75,1000
600.0,2819.2816751906144,-11.084212987448012,0.0032419121043292987,7.243093778778087e-05,-1.3444458304999425e-07,4,75,1000
600.0,2891.1611184181374,-13.02255164018524,0.007508951301342447,8.51964764393159e-05,-1.5594942803526003e-07,4,75,1000
600.0,2659.2943540341803,-12.349800049743385,0.015098373814955794,8.074793535321172e-05,-1.984919284088579e-07,4,75,1000
600.0,0.0,0.0,0.0,0.0,0.0,0,75,1000
600.0,0.0,0.0,0.0,0.0,0.0,0,75,1000
600.0,0.0,0.0,0.0,0.0,0.0,0,75,1000
600.0,2522.5470679478703,-12.275370575168242,0.011760722035235724,8.12103667601916e-05,-1.7062619559931716e-07,4,75,1000
600.0,2975.8891401104884,-10.8533708576342,-0.004193187758852293,7.444979431277504e-05,-8.872900379021907e-08,4,75,1000
600.0,3008.921587567682,-10.297233798461017,-0.0025772025891720183,6.977388730930463e-05,-1.0120025347568011e-07,4,75,1000
600.0,2640.432207757219,-12.103154709299695,0.015785383785482738,7.897297588686913e-05,-2.0787739392393022e-07,4,75,1000
600.0,0.0,0.0,0.0,0.0,0.0,0,75,1000
600.0,2653.523499473914,-9.929964029291119,0.004642311186904133,6.433793010201573e-05,-1.2805777990284547e-07,4,75,1000
600.0,2954.8939512100555,-11.673159897161062,0.00031580605417686185,7.807080198623535e-05,-1.154327215577818e-07,4,75,1000
600.0,1948.737415872313,-8.868928125349456,0.009449883514581611,6.175511163494717e-05,-1.422175376188351e-07,4,75,1000
600.0,2463.7544091603872,-11.55618021761128,0.013560696737918784,7.595175622763254e-05,-1.8662300551343011e-07,4,75,1000
600.0,2585.0095574030192,-8.950818708385745,0.00410317005913741,5.9526630581224693e-05,-1.2542982721911767e-07,4,75,1000
600.0,2655.0186163295893,-10.51389104161723,0.00434645031218727,7.000314001176463e-05,-1.3100901365301558e-07,4,75,1000
600.0,2580.569779488326,-9.801819545076366,0.0011336575540700587,6.632365483313385e-05,-1.0987698543523018e-07,4,75,1000
600.0,0.0,0.0,0.0,0.0,0.0,0,75,1000
600.0,2671.388131785122,-11.621273853575794,0.006597289704442663,7.874581477788328e-05,-1.4212248344896874e-07,4,75,1000
600.0,2894.5106011529456,-11.335914650607172,0.0030745176182832056,7.45933092390056e-05,-1.3050809575015289e-07,4,75,1000
600.0,0.0,0.0,0.0,0.0,0.0,0,75,1000
600.0,0.0,0.0,0.0,0.0,0.0,0,75,1000
600.0,0,0,0,0,0,0,75,2000
600.0,0,0,0,0,0,0,75,2000
600.0,1554.5837793049834,-6.632570505916617,0.0051209621498331265,4.259876333121716e-05,-9.776177932377301e-08,4,75,2000
600.0,1387.0654909090374,-8.175870856588942,0.014656863155939736,5.007922062252838e-05,-1.4848119131861303e-07,4,75,2000
600.0,1660.2653346334068,-6.587903876556666,0.002909577358526524,4.347788175721596e-05,-8.519689852866723e-08,4,75,2000
600.0,1420.6512163148752,-6.574334867887535,0.008105735308487998,4.2839155764806084e-05,-1.0505417308182709e-07,4,75,2000
600.0,1443.4058394552585,-7.206924370607032,0.009083441116075022,4.713187756307423e-05,-1.146321174388093e-07,4,75,2000
600.0,1505.7884553988943,-8.364268517633022,0.004434049525092723,5.942991740667168e-05,-9.186555359239695e-08,4,75,2000
600.0,1519.444114241557,-8.103517957288117,0.009715222756706395,5.173051075769529e-05,-1.221189833998784e-07,4,75,2000
600.0,1412.1678797531893,-7.88330672678964,0.01128093411416218,5.2998605394111e-05,-1.2979475304902363e-07,4,75,2000
600.0,0,0,0,0,0,0,75,2000
600.0,1596.011550594202,-7.005817366099351,0.00181608288084511,4.422764227063291e-05,-7.185574159213048e-08,4,75,2000
600.0,1903.797567552475,-8.24050865369616,1.8867203685077154e-05,5.526969601917878e-05,-7.509789287828475e-08,4,75,2000
600.0,1652.9750978830366,-8.61331230739629,0.01101922068412539,5.771599000392385e-05,-1.3279973056485077e-07,4,75,2000
600.0,1440.136858619433,-7.089403778304224,0.009613428858314047,4.6547453697788675e-05,-1.1588945111655128e-07,4,75,2000
600.0,1528.8326992629752,-7.612108537057974,0.004871803738693645,5.155239954661926e-05,-9.584226902325271e-08,4,75,2000
600.0,0,0,0,0,0,0,75,2000
600.0,1589.267874023054,-7.684943438587796,0.008648418072913179,5.215635035634503e-05,-1.2052960712118615e-07,4,75,2000
600.0,0,0,0,0,0,0,75,2000
600.0,1393.1970687259459,-7.5340014686428685,0.009578658377633024,5.0469805811482286e-05,-1.1659887289678672e-07,4,75,2000
600.0,1337.410427517288,-6.479743381760397,0.005905863200586539,4.329866944095766e-05,-9.324257002222225e-08,4,75,2000
600.0,1543.2196131850576,-7.2596714211979965,0.0027534964076244553,4.9610400079422886e-05,-8.698664247781099e-08,4,75,2000
600.0,1636.3501934329645,-6.1950042031828705,0.0008454100362060811,3.891704809269341e-05,-7.451443244100988e-08,4,75,2000
600.0,1578.971845365792,-7.469733348166612,0.006066428400567712,4.8435989921561775e-05,-1.0083654995372335e-07,4,75,2000
600.0,1560.5231923344966,-6.191614738243625,0.0022028687630216946,3.933298490837675e-05,-7.243702205438995e-08,4,75,2000
600.0,1547.8222070124812,-7.063645225773933,0.0027897692355845246,4.8865648419633613e-05,-7.868370595611268e-08,4,75,2000
600.0,1446.5747121333825,-6.019373688075065,0.003121720454135055,4.019863399545805e-05,-7.461163389235641e-08,4,75,2000
600.0,1460.7762652972292,-6.119299832569933,0.003728153787208421,3.975276800745749e-05,-8.32302878158342e-08,4,75,2000
600.0,1433.4519070131535,-8.38593695188429,0.012031188296425945,5.5999623219184494e-05,-1.3796498632007147e-07,4,75,2000
600.0,1444.5359939925772,-6.679209319302396,0.007935535756185007,4.390016412485691e-05,-1.0994431256772495e-07,4,75,2000
600.0,0,0,0,0,0,0,75,2000
600.0,0,0,0,0,0,0,75,2000
600.0,1436.3609413722695,-7.680936386907105,0.002019024831663584,5.391547683117556e-05,-7.359194994588609e-08,4,75,2000
600.0,1614.5109804559434,-8.560354392250925,0.006531025189724251,5.35540011320917e-05,-9.714480818779265e-08,4,75,2000
600.0,0,0,0,0,0,0,75,2000
600.0,1456.52194860761,-6.342776925647765,0.004276106042227746,4.0334600764266e-05,-8.163283122649452e-08,4,75,2000
600.0,1424.9050541987203,-6.409289841577526,0.011200229242188477,4.321835233741244e-05,-1.3010967223845179e-07,4,75,2000
600.0,1593.4461134392495,-7.3765087746981655,0.004298676371265502,4.8912849991583624e-05,-8.8873748332393e-08,4,75,2000
600.0,0,0,0,0,0,0,75,2000
600.0,0,0,0,0,0,0,75,2000
600.0,1396.2983928734222,-7.126283209671756,0.008635917983517642,4.555581804665924e-05,-1.1323129550600623e-07,4,75,2000
600.0,1470.6678690165002,-7.289354304719981,0.003602657077195566,4.881142937581295e-05,-8.215245489584993e-08,4,75,2000
600.0,0,0,0,0,0,0,75,2000
600.0,0,0,0,0,0,0,75,2000
600.0,1463.4134568729564,-6.819628991520339,0.006294906643244381,4.425302602169292e-05,-9.528886250163024e-08,4,75,2000
600.0,1492.8282646756131,-8.311527654334293,0.009141734225948387,5.792429098131376e-05,-1.169707522002317e-07,4,75,2000
600.0,0,0,0,0,0,0,75,2000
600.0,1576.8193311474945,-7.794299028053243,0.006539284460362522,5.185577512415355e-05,-1.074732809494799e-07,4,75,2000
600.0,1383.8852700778111,-5.816339345061066,0.007073663601746231,3.749487422871793e-05,-1.0564696205813607e-07,4,75,2000
600.0,1252.1731863675013,-7.779226251444959,0.012566023659412104,5.1615457698664864e-05,-1.301710122409819e-07,4,75,2000
600.0,0,0,0,0,0,0,75,2000
600.0,0,0,0,0,0,0,75,2000
600.0,0,0,0,0,0,0,75,2000
600.0,1426.5697822904137,-5.626539315356982,0.0036718744848281168,3.747161883889499e-05,-8.75443163666704e-08,4,75,2000
600.0,0,0,0,0,0,0,75,2000
600.0,1466.5547106547785,-8.823838491652628,0.00875519861285033,6.065053246627291e-05,-1.1667428908473849e-07,4,75,2000
600.0,1472.0971198331208,-7.175644914545116,0.00830311910955311,4.731326112124877e-05,-1.1631445047254384e-07,4,75,2000
600.0,0,0,0,0,0,0,75,2000
600.0,1379.3693579369217,-8.143958226848696,0.006832808625073563,5.315943826008215e-05,-9.576985715044103e-08,4,75,2000
600.0,1430.0102448266578,-9.873630747412847,0.011482874578943602,6.524567247306026e-05,-1.272736976141163e-07,4,75,2000
600.0,1469.503449646692,-6.8451721339560585,0.006536547905744844,4.483193961164142e-05,-1.0753656906934192e-07,4,75,2000
600.0,0,0,0,0,0,0,75,2000
600.0,0,0,0,0,0,0,75,2000
600.0,0,0,0,0,0,0,75,2000
600.0,1405.2155202606011,-8.0811324995507,0.010512035338674508,5.373840903350352e-05,-1.172721341186561e-07,4,75,2000
600.0,1444.1623795366415,-7.260348228820309,0.0076580428113962986,4.6745031916782206e-05,-1.0871848692832754e-07,4,75,2000
600.0,1580.5492111366775,-7.6997457748695135,0.007346263349405383,4.910149489683775e-05,-1.0894083220524397e-07,4,75,2000
600.0,0,0,0,0,0,0,75,2000
600.0,0,0,0,0,0,0,75,2000
600.0,1511.0793440912018,-7.570141769345828,0.0045521050828538825,5.265293017078574e-05,-9.184616900042684e-08,4,75,2000
600.0,0,0,0,0,0,0,75,2000
600.0,0,0,0,0,0,0,75,2000
600.0,1595.9224749285395,-7.463439259784959,0.004512487868709996,4.8947423744357356e-05,-9.105165588184725e-08,4,75,2000
600.0,1542.6691850857608,-6.657995238403663,0.0015641755762615464,4.5031094191617284e-05,-6.988268977354253e-08,4,75,2000
600.0,1392.066335205209,-7.399039503504366,0.009415989709349865,4.7506754992618054e-05,-1.1888381310714999e-07,4,75,2000
600.0,0,0,0,0,0,0,75,2000
600.0,1477.4618065005268,-7.693602707856096,0.007962299999391565,4.8911282613674555e-05,-1.0820150043160028e-07,4,75,2000
600.0,0,0,0,0,0,0,75,2000
600.0,1548.9046261766466,-7.028716707269869,0.0023542400926673374,4.699623321823565e-05,-6.9001459779454e-08,4,75,2000
600.0,0,0,0,0,0,0,75,2000
600.0,1358.003470755334,-7.570540485800381,0.010201841475392026,5.239075262432575e-05,-1.225401359993452e-07,4,75,2000
600.0,1256.571829766587,-6.792091999988985,0.014511637010645093,4.4478408357010794e-05,-1.4431599018379963e-07,4,75,2000
600.0,1595.0162019680583,-7.654520670710597,0.005674182368668409,5.131773692267044e-05,-1.0302392657685766e-07,4,75,2000
600.0,0,0,0,0,0,0,75,2000
600.0,1330.006012733683,-7.0038329833971975,0.010269933801846393,4.6262282116546804e-05,-1.1594696638773159e-07,4,75,2000
600.0,0,0,0,0,0,0,75,2000
600.0,1942.889754419639,-9.065355708956547,0.003287789098091161,5.9302564828481765e-05,-9.735019333041166e-08,4,75,2000
600.0,0,0,0,0,0,0,75,2000
600.0,1303.6259177133736,-6.958880472608386,0.014974151221182489,4.529900008763604e-05,-1.495219834090499e-07,4,75,2000
600.0,1361.722627232539,-6.278394402804919,0.005587871495974959,3.8221735592396035e-05,-8.572889186795359e-08,4,75,2000
600.0,1317.8730095180515,-7.2583340875981746,0.006305787201925836,4.784339956478222e-05,-8.962388891386362e-08,4,75,2000
600.0,0,0,0,0,0,0,75,2000
600.0,0,0,0,0,0,0,75,2000
600.0,1472.5831710533305,-8.09799752973466,0.015818484623524712,5.1503428856839606e-05,-1.5493840684453915e-07,4,75,2000
600.0,1511.6235329987367,-7.740968813395094,0.007166779970921036,5.092863694518922e-05,-1.0114551581571016e-07,4,75,2000
600.0,1506.8105074700275,-6.0883549514714,0.004008539090500085,3.963231658100091e-05,-8.474757294601467e-08,4,75,2000
600.0,1503.595352051435,-7.413007624285672,0.003070677100603772,5.158973837682832e-05,-8.187372607193891e-08,4,75,2000
600.0,0,0,0,0,0,0,75,2000
600.0,1331.4042569291678,-7.215748396625438,0.009769374708128123,4.84055594833811e-05,-1.1660633845234143e-07,4,75,2000
600.0,1215.742068077107,-6.659639327363909,0.010050888753059869,4.189980670294385e-05,-1.1545137014551159e-07,4,75,2000
600.0,0,0,0,0,0,0,75,4000
600.0,0,0,0,0,0,0,75,4000
600.0,0,0,0,0,0,0,75,4000
600.0,0,0,0,0,0,0,75,4000
600.0,562.3181053332302,-3.4471250365359833,0.007141644229799018,1.98556434623865e-05,-6.638348702060578e-08,4,75,4000
600.0,0,0,0,0,0,0,75,4000
600.0,0,0,0,0,0,0,75,4000
600.0,0,0,0,0,0,0,75,4000
600.0,0,0,0,0,0,0,75,4000
600.0,606.7680732854434,-2.7905492162531096,0.001836440969551301,1.94353336065002e-05,-4.2143355359029334e-08,4,75,4000
600.0,0,0,0,0,0,0,75,4000
600.0,0,0,0,0,0,0,75,4000
600.0,0,0,0,0,0,0,75,4000
600.0,853.2215082637133,-4.301447762996686,0.0037340079923236487,2.772534992953746e-05,-6.010997733430005e-08,4,75,4000
600.0,816.9216197920019,-4.410158884848409,0.0033172348120352425,3.11084888280039e-05,-6.131209608192282e-08,4,75,4000
600.0,0,0,0,0,0,0,75,4000
600.0,0,0,0,0,0,0,75,4000
600.0,0,0,0,0,0,0,75,4000
600.0,0,0,0,0,0,0,75,4000
600.0,0,0,0,0,0,0,75,4000
600.0,648.4340609950918,-3.6252564364635385,0.0040272246121140125,2.3874868064927477e-05,-5.740016995792067e-08,4,75,4000
600.0,612.3989250028872,-3.2454713391965173,0.0033919766676297385,2.123222403105612e-05,-5.4527793376250236e-08,4,75,4000
600.0,689.2075956385866,-4.369129381945123,0.009787435840285633,2.6404115240419648e-05,-9.579548233244146e-08,4,75,4000
600.0,0,0,0,0,0,0,75,4000
600.0,0,0,0,0,0,0,75,4000
600.0,751.5409200866502,-3.3786800137234776,0.003935322217072189,2.201796031559926e-05,-6.417858609037267e-08,4,75,4000
600.0,0,0,0,0,0,0,75,4000
600.0,0,0,0,0,0,0,75,4000
600.0,0,0,0,0,0,0,75,4000
600.0,0,0,0,0,0,0,75,4000
600.0,0,0,0,0,0,0,75,4000
600.0,0,0,0,0,0,0,75,4000
600.0,821.1311669134355,-3.979912937112129,0.0014788148682484004,2.8113399585422283e-05,-4.289679469040374e-08,4,75,4000
600.0,718.962931985567,-3.71481601290379,0.010126878956923002,2.4106152373804057e-05,-9.362869562962144e-08,4,75,4000
600.0,0,0,0,0,0,0,75,4000
600.0,0,0,0,0,0,0,75,4000
600.0,688.1273012327949,-5.076143812686339,0.011313966695925118,3.336308098356174e-05,-9.921210851391953e-08,4,75,4000
600.0,682.4992155799039,-3.662148297613232,0.013397360652206512,2.3932223810944343e-05,-1.1665246500805289e-07,4,75,4000
600.0,794.6465463916122,-4.905731354381933,0.010919289825858922,3.23175688234171e-05,-1.081449802865103e-07,4,75,4000
600.0,822.4847504963031,-4.023687645941869,0.003671409268871671,2.8042435144050872e-05,-5.8163515269354715e-08,4,75,4000
600.0,0,0,0,0,0,0,75,4000
600.0,0,0,0,0,0,0,75,4000
600.0,0,0,0,0,0,0,75,4000
600.0,606.4310879774347,-3.1830736886284923,0.008501644573186303,2.0238523324498033e-05,-8.153707718397332e-08,4,75,4000
600.0,0,0,0,0,0,0,75,4000
600.0,0,0,0,0,0,0,75,4000
600.0,0,0,0,0,0,0,75,4000
600.0,1217.6187431756246,-4.706160522109126,-0.0032340863400287046,3.2056745200094557e-05,-3.161233098326764e-08,4,75,4000
600.0,0,0,0,0,0,0,75,4000
600.0,814.787626403559,-5.4947740424400315,0.008646185511196077,3.52323172257769e-05,-8.933897126709965e-08,4,75,4000
600.0,0,0,0,0,0,0,75,4000
600.0,0,0,0,0,0,0,75,4000
600.0,0,0,0,0,0,0,75,4000
600.0,0,0,0,0,0,0,75,4000
600.0,1055.7697123355074,-4.364307802274521,0.007452370542028795,2.925365480072306e-05,-9.397042239062323e-08,4,75,4000
600.0,0,0,0,0,0,0,75,4000
600.0,0,0,0,0,0,0,75,4000
600.0,883.1573245937036,-5.855875619984952,0.00842566511013012,3.897460930938859e-05,-8.83542530377006e-08,4,75,4000
600.0,993.7979843511172,-3.9585514229049883,-0.001157789220235469,2.639845005652753e-05,-3.579279760889218e-08,4,75,4000
600.0,634.2431511617391,-5.527236196483126,0.0157106320986749,3.542956621789598e-05,-1.2586022320836429e-07,4,75,4000
600.0,0,0,0,0,0,0,75,4000
600.0,0,0,0,0,0,0,75,4000
600.0,0,0,0,0,0,0,75,4000
600.0,0,0,0,0,0,0,75,4000
600.0,0,0,0,0,0,0,75,4000
600.0,0,0,0,0,0,0,75,4000
600.0,0,0,0,0,0,0,75,4000
600.0,0,0,0,0,0,0,75,4000
600.0,0,0,0,0,0,0,75,4000
600.0,890.5266689510366,-4.238519902688868,0.005042986513275251,2.851311138474619e-05,-7.245156617256502e-08,4,75,4000
600.0,0,0,0,0,0,0,75,4000
600.0,621.3039292447365,-4.531067336588694,0.01235154121107666,2.9884438547502075e-05,-1.0957461922632838e-07,4,75,4000
600.0,746.6795176128421,-4.562662609276976,0.009631887113925876,2.9063421782726e-05,-9.752278124025382e-08,4,75,4000
600.0,0,0,0,0,0,0,75,4000
600.0,852.0733771475973,-4.708815583952715,0.006996213058919019,3.086083244742898e-05,-8.114301946316543e-08,4,75,4000
600.0,0,0,0,0,0,0,75,4000
600.0,0,0,0,0,0,0,75,4000
600.0,0,0,0,0,0,0,75,4000
600.0,0,0,0,0,0,0,75,4000
600.0,938.1285491386404,-4.730773927254214,0.0038698898565641404,2.988719851675008e-05,-6.444778538088813e-08,4,75,4000
600.0,518.9201792413645,-3.900184795452023,0.008160484192122175,2.674728593676849e-05,-7.453342643312621e-08,4,75,4000
600.0,671.5042595101452,-3.784719501931509,0.003662453001941661,2.3675462866450263e-05,-5.367665578793692e-08,4,75,4000
600.0,0,0,0,0,0,0,75,4000
600.0,920.685274654689,-4.403540894709179,0.007548882538248784,3.0258661852520276e-05,-9.042147418680989e-08,4,75,4000
600.0,0,0,0,0,0,0,75,4000
600.0,0,0,0,0,0,0,75,4000
600.0,0,0,0,0,0,0,75,4000
600.0,1057.321691064568,-4.040868790554287,0.002117562056968858,2.715438602261443e-05,-5.744021771708172e-08,4,75,4000
600.0,929.7001443831148,-4.739917899885382,0.004949815301329005,3.2384941697787966e-05,-7.346950004021003e-08,4,75,4000
600.0,0,0,0,0,0,0,75,4000
600.0,568.3013748220851,-3.129309989346954,0.00600502806601798,2.1332873810398366e-05,-6.931175316003185e-08,4,75,4000
600.0,0,0,0,0,0,0,75,4000
600.0,0,0,0,0,0,0,75,4000
600.0,789.4966177801513,-3.818570934469722,0.007501589897093855,2.6412123485765356e-05,-8.120209507123497e-08,4,75,4000
600.0,820.2766881218008,-3.834596331751712,0.0076943035434559985,2.307273456801666e-05,-8.272115359414457e-08,4,75,4000
600.0,0,0,0,0,0,0,75,4000
600.0,0,0,0,0,0,0,75,4000
600.0,0,0,0,0,0,0,75,4000
600.0,1044.8989349471597,-5.247133934311764,0.009341636565708427,3.668382872702509e-05,-1.0736239977268227e-07,4,75,4000
600.0,735.1968559479914,-5.718685272164193,0.01001837969367146,3.873159862232728e-05,-9.718580081971215e-08,4,75,4000
