Wavelength;Intensity;Element;AtWeight;Charge
103.76800000;179;54;0.000000000000;1
104.13060000;230;54;0.000000000000;1
104.82200000;691;18;0.000000000000;0
104.82720000;208;54;0.000000000000;1
105.19200000;230;54;0.000000000000;1
106.38310000;870;17;0.000000000000;1
106.66600000;621;18;0.000000000000;0
106.79450000;801;17;0.000000000000;1
107.10360000;910;17;0.000000000000;1
107.17670000;870;17;0.000000000000;1
107.44760000;248;54;0.000000000000;1
107.52300000;852;17;0.000000000000;1
107.90800000;852;17;0.000000000000;1
110.04320000;230;54;0.000000000000;1
116.48670000;426;36;0.000000000000;0
118.30530000;208;54;0.000000000000;1
119.95500000;602;7;0.000000000000;0
120.02230000;595;7;0.000000000000;0
120.07100000;589;7;0.000000000000;0
121.56701000;1364;1;0.000000000000;0
123.58380000;461;36;0.000000000000;0
124.31790000;589;7;0.000000000000;0
125.05780000;256;16;0.000000000000;1
125.38050000;271;16;0.000000000000;1
125.95180000;277;16;0.000000000000;1
127.72450000;552;6;0.000000000000;0
127.72820000;552;6;0.000000000000;0
127.75500000;570;6;0.000000000000;0
128.03330000;530;6;0.000000000000;0
130.21680000;680;8;0.000000000000;0
130.48580000;640;8;0.000000000000;0
130.60290000;570;8;0.000000000000;0
134.72400000;921;17;0.000000000000;0
135.16570000;852;17;0.000000000000;0
136.24630000;691;5;0.000000000000;1
136.34470000;939;17;0.000000000000;0
137.95280000;990;17;0.000000000000;0
138.96930000;1013;17;0.000000000000;0
138.99570000;990;17;0.000000000000;0
139.65270000;939;17;0.000000000000;0
142.50301000;899;16;0.000000000000;0
143.33105000;731;16;0.000000000000;0
147.39948000;921;16;0.000000000000;0
148.30390000;885;16;0.000000000000;0
149.26250000;655;7;0.000000000000;0
156.06830000;599;6;0.000000000000;0
156.14380000;599;6;0.000000000000;0
162.35970000;760;5;0.000000000000;1
162.37900000;744;5;0.000000000000;1
162.40230000;778;5;0.000000000000;1
162.43760000;760;5;0.000000000000;1
165.62660000;501;6;0.000000000000;0
165.69280000;479;6;0.000000000000;0
165.70080000;570;6;0.000000000000;0
165.73800000;479;6;0.000000000000;0
165.79070000;479;6;0.000000000000;0
165.81220000;501;6;0.000000000000;0
166.66875000;977;16;0.000000000000;0
167.07867000;599;13;0.000000000000;1
167.10700000;494;15;0.000000000000;0
167.11500000;552;34;0.000000000000;0
167.15300000;230;82;0.000000000000;1
167.24740000;494;15;0.000000000000;0
167.45910000;640;15;0.000000000000;0
167.52450000;0;21;0.000000000000;1
167.96950000;640;15;0.000000000000;0
168.21500000;230;82;0.000000000000;1
168.59760000;494;15;0.000000000000;0
168.68600000;-100;75;0.000000000000;0
168.75305000;962;16;0.000000000000;0
169.07000000;552;34;0.000000000000;0
169.40280000;461;15;0.000000000000;0
169.43700000;-100;56;0.000000000000;1
169.79400000;530;14;0.000000000000;0
169.93400000;530;79;0.000000000000;0
169.94180000;995;50;0.000000000000;1
169.99000000;1400;52;0.000000000000;0
171.28800000;-100;75;0.000000000000;0
171.89700000;947;26;0.000000000000;1
171.94400000;583;13;0.000000000000;1
172.12714000;590;13;0.000000000000;1
172.49838000;590;13;0.000000000000;1
172.67500000;300;82;0.000000000000;1
173.48450000;369;12;0.000000000000;1
173.61900000;461;51;0.000000000000;0
173.76180000;391;12;0.000000000000;1
174.05200000;381;79;0.000000000000;1
174.27290000;665;7;0.000000000000;0
174.77940000;-100;12;0.000000000000;0
175.10000000;-100;52;0.000000000000;0
175.18230000;621;6;0.000000000000;0
175.34560000;391;12;0.000000000000;1
175.78930000;962;50;0.000000000000;1
175.86000000;461;33;0.000000000000;0
175.92320000;1295;52;0.000000000000;0
176.19751000;525;13;0.000000000000;1
176.23000000;248;51;0.000000000000;2
176.28990000;461;13;0.000000000000;0
176.39100000;-100;6;0.000000000000;0
176.39521000;575;13;0.000000000000;1
176.53700000;-100;6;0.000000000000;0
176.56360000;530;13;0.000000000000;0
176.63850000;530;13;0.000000000000;0
176.77100000;-100;83;0.000000000000;0
176.77308000;542;13;0.000000000000;1
176.91400000;530;13;0.000000000000;0
176.96300000;-100;38;0.000000000000;1
177.05600000;1185;49;0.000000000000;1
177.47500000;1097;49;0.000000000000;1
177.49500000;640;15;0.000000000000;0
177.61000000;641;4;0.000000000000;1
177.63070000;670;4;0.000000000000;1
177.70500000;438;83;0.000000000000;1
177.70900000;391;78;0.000000000000;1
177.83900000;-100;38;0.000000000000;1
178.08700000;461;51;0.000000000000;0
178.18600000;340;78;0.000000000000;1
178.22626000;621;16;0.000000000000;0
178.27570000;1408;53;0.000000000000;0
178.28380000;621;15;0.000000000000;0
178.32200000;409;79;0.000000000000;1
178.74060000;409;83;0.000000000000;1
178.76560000;599;15;0.000000000000;0
179.18420000;425;83;0.000000000000;1
179.33100000;356;79;0.000000000000;1
179.53000000;570;34;0.000000000000;0
179.63000000;-100;52;0.000000000000;0
179.66700000;230;82;0.000000000000;1
179.90920000;1225;53;0.000000000000;0
179.93060000;256;31;0.000000000000;1
180.01800000;501;51;0.000000000000;0
180.05800000;356;79;0.000000000000;1
180.61500000;514;33;0.000000000000;0
180.73108000;990;16;0.000000000000;0
180.73400000;300;20;0.000000000000;1
181.05000000;391;51;0.000000000000;0
181.11970000;955;50;0.000000000000;1
181.38780000;277;31;0.000000000000;1
181.42000000;438;51;0.000000000000;0
181.45000000;369;20;0.000000000000;1
181.69200000;530;14;0.000000000000;1
181.78437000;300;5;0.000000000000;0
181.83489100;340;5;0.000000000000;0
182.03400000;977;16;0.000000000000;0
182.20500000;230;82;0.000000000000;1
182.24000000;-100;52;0.000000000000;0
182.37280000;425;83;0.000000000000;1
182.58939000;425;5;0.000000000000;0
182.62400000;962;16;0.000000000000;0
182.63995200;461;5;0.000000000000;0
182.79340000;-100;12;0.000000000000;0
183.03800000;1605;53;0.000000000000;0
183.17570000;931;50;0.000000000000;1
183.24700000;-100;77;0.000000000000;0
183.48000000;494;15;0.000000000000;0
183.80100000;369;20;0.000000000000;1
184.00600000;409;20;0.000000000000;1
184.14400000;530;14;0.000000000000;0
184.28200000;760;5;0.000000000000;1
184.30900000;300;20;0.000000000000;1
184.41400000;-100;44;0.000000000000;0
184.44500000;1346;53;0.000000000000;0
184.51990000;289;31;0.000000000000;1
184.55100000;570;14;0.000000000000;0
184.71650000;494;15;0.000000000000;0
184.74700000;599;14;0.000000000000;0
184.81400000;530;14;0.000000000000;0
184.94994000;852;80;0.000000000000;0
185.04810000;1215;52;0.000000000000;0
185.06700000;621;14;0.000000000000;0
185.06900000;369;20;0.000000000000;1
185.11940000;494;15;0.000000000000;0
185.20130000;1215;52;0.000000000000;0
185.20690000;461;15;0.000000000000;0
185.24600000;530;14;0.000000000000;0
185.26500000;-100;83;0.000000000000;0
185.37000000;1210;52;0.000000000000;0
185.52000000;570;34;0.000000000000;0
185.59286000;525;13;0.000000000000;1
185.72100000;-100;79;0.000000000000;0
185.72790000;1312;52;0.000000000000;0
185.80262000;575;13;0.000000000000;1
185.86600000;-100;75;0.000000000000;0
185.88400000;552;34;0.000000000000;0
185.88860000;621;15;0.000000000000;0
185.93930000;599;15;0.000000000000;0
186.03400000;583;33;0.000000000000;1
186.05000000;1102;52;0.000000000000;0
186.23111000;599;13;0.000000000000;1
186.25000000;-100;77;0.000000000000;0
187.11500000;570;51;0.000000000000;0
187.55571000;195;44;0.000000000000;1
187.98300000;461;79;0.000000000000;0
188.25600000;501;51;0.000000000000;0
188.80428000;220;44;0.000000000000;1
189.04200000;691;33;0.000000000000;0
189.43500000;-100;76;0.000000000000;0
189.83600000;-100;75;0.000000000000;0
189.86000000;599;34;0.000000000000;0
189.86500000;-100;76;0.000000000000;0
189.99010000;888;50;0.000000000000;1
190.02863000;990;16;0.000000000000;0
190.13300000;691;14;0.000000000000;0
190.23400000;461;83;0.000000000000;1
190.32208000;248;44;0.000000000000;1
190.47010000;621;32;0.000000000000;0
190.47710000;230;82;0.000000000000;0
190.57400000;-100;75;0.000000000000;0
190.62400000;0;22;0.000000000000;1
190.76650000;563;15;0.000000000000;0
190.82084600;472;22;0.000000000000;1
190.86000000;322;81;0.000000000000;1
191.17000000;391;78;0.000000000000;1
191.29400000;621;33;0.000000000000;1
191.32500000;-100;77;0.000000000000;0
191.38000000;586;34;0.000000000000;0
191.40800000;110;16;0.000000000000;4
191.60819000;691;10;0.000000000000;1
191.68152000;248;44;0.000000000000;1
191.75910000;570;32;0.000000000000;0
191.92000000;570;34;0.000000000000;0
191.96400000;300;79;0.000000000000;0
192.15500000;-100;77;0.000000000000;0
192.46712000;230;56;0.000000000000;1
192.49500000;-100;76;0.000000000000;0
192.70800000;461;51;0.000000000000;0
192.76200000;-100;44;0.000000000000;0
192.98280000;621;32;0.000000000000;0
193.00348000;640;10;0.000000000000;1
193.09050000;691;6;0.000000000000;0
193.22600000;-100;46;0.000000000000;0
193.42500000;-100;78;0.000000000000;0
193.61876000;990;49;0.000000000000;1
193.75900000;668;33;0.000000000000;0
194.22729000;1353;80;0.000000000000;1
194.47300000;530;32;0.000000000000;0
194.80600000;-100;77;0.000000000000;0
195.03900000;530;51;0.000000000000;0
195.10506000;289;74;0.000000000000;1
195.19300000;322;79;0.000000000000;0
195.47060000;910;83;0.000000000000;0
195.49500000;-100;76;0.000000000000;0
195.51150000;530;32;0.000000000000;0
196.00490000;885;83;0.000000000000;0
196.09000000;621;34;0.000000000000;0
196.20100000;621;32;0.000000000000;0
196.44300000;-100;38;0.000000000000;1
196.45900000;294;4;0.000000000000;0
196.67087000;1143;49;0.000000000000;1
197.08790000;530;32;0.000000000000;0
197.24390000;139;82;0.000000000000;0
197.26200000;637;33;0.000000000000;0
197.31200000;-100;75;0.000000000000;0
197.74500000;-100;49;0.000000000000;0
197.81900000;340;79;0.000000000000;0
197.92100000;-100;14;0.000000000000;0
197.97700000;-100;78;0.000000000000;0
198.06200000;-100;14;0.000000000000;0
198.21500000;-100;76;0.000000000000;0
198.32300000;-100;14;0.000000000000;0
198.55500000;-100;76;0.000000000000;0
198.63600000;-100;14;0.000000000000;0
198.80000000;-100;77;0.000000000000;0
198.82680000;570;32;0.000000000000;0
198.89800000;-100;14;0.000000000000;0
199.03500000;514;33;0.000000000000;0
199.11300000;461;33;0.000000000000;0
199.19400000;-100;79;0.000000000000;0
199.36256000;794;27;0.000000000000;2
199.48410000;1268;52;0.000000000000;0
199.50000000;-100;38;0.000000000000;1
199.51000000;501;34;0.000000000000;0
199.54300000;461;33;0.000000000000;0
199.80100000;300;4;0.000000000000;0
199.88870000;621;32;0.000000000000;0
199.95000000;230;29;0.000000000000;0
200.08100000;322;79;0.000000000000;1
200.20190000;1318;52;0.000000000000;0
200.33400000;544;33;0.000000000000;0
200.91900000;461;33;0.000000000000;0
201.20500000;931;79;0.000000000000;0
201.33200000;461;33;0.000000000000;0
201.90684000;744;32;0.000000000000;0
202.11500000;300;83;0.000000000000;2
202.13900000;786;79;0.000000000000;0
202.34890000;563;15;0.000000000000;0
202.36600000;-100;75;0.000000000000;0
202.45160000;519;15;0.000000000000;0
202.54800000;621;30;0.000000000000;1
202.58240000;220;12;0.000000000000;0
203.06300000;807;78;0.000000000000;0
203.24320000;599;15;0.000000000000;0
203.26500000;220;4;0.000000000000;0
203.34770000;599;15;0.000000000000;0
203.35700000;962;77;0.000000000000;0
203.64600000;461;78;0.000000000000;1
203.97700000;425;51;0.000000000000;0
203.98000000;621;34;0.000000000000;0
204.17120000;778;32;0.000000000000;0
204.37695000;738;32;0.000000000000;0
204.41900000;-100;77;0.000000000000;0
204.45400000;391;79;0.000000000000;1
204.53600000;1017;76;0.000000000000;0
204.88000000;-100;76;0.000000000000;0
204.90800000;1020;75;0.000000000000;0
204.93700000;861;78;0.000000000000;0
204.95700000;501;51;0.000000000000;0
205.11600000;-100;77;0.000000000000;0
205.44609000;604;32;0.000000000000;0
205.60120000;256;4;0.000000000000;0
205.72382000;539;32;0.000000000000;0
206.16330000;1192;53;0.000000000000;0
206.16340000;910;83;0.000000000000;0
206.20000000;621;30;0.000000000000;1
206.27900000;-100;34;0.000000000000;0
206.52149000;662;32;0.000000000000;0
206.72100000;896;76;0.000000000000;1
206.83300000;691;51;0.000000000000;0
206.86562000;786;32;0.000000000000;0
207.06700000;834;76;0.000000000000;1
207.10600000;1141;52;0.000000000000;0
207.48000000;621;34;0.000000000000;0
207.85718200;1124;49;0.000000000000;1
208.11700000;1274;52;0.000000000000;0
208.20900000;501;79;0.000000000000;1
208.36700000;-100;75;0.000000000000;0
208.88200000;974;77;0.000000000000;0
208.88885100;450;5;0.000000000000;0
208.95700400;501;5;0.000000000000;0
209.15900000;744;50;0.000000000000;0
209.24100000;846;75;0.000000000000;1
209.26300000;955;77;0.000000000000;0
209.42582000;760;32;0.000000000000;0
209.84100000;391;51;0.000000000000;0
210.33300000;691;78;0.000000000000;0
210.58242000;548;32;0.000000000000;0
210.73300000;-100;44;0.000000000000;0
211.02170000;843;83;0.000000000000;0
211.06800000;409;79;0.000000000000;1
211.29900000;461;33;0.000000000000;0
211.39370000;797;50;0.000000000000;0
211.66700000;782;70;0.000000000000;1
211.84760000;409;38;0.000000000000;2
212.56850000;161;4;0.000000000000;0
212.66300000;271;79;0.000000000000;0
212.68100000;841;77;0.000000000000;1
212.73900000;461;51;0.000000000000;0
212.86100000;686;78;0.000000000000;0
213.36000000;782;83;0.000000000000;0
213.43100000;-100;83;0.000000000000;0
213.54650000;599;15;0.000000000000;0
213.61820000;599;15;0.000000000000;0
213.85600000;668;30;0.000000000000;0
213.96900000;461;51;0.000000000000;0
214.18000000;230;51;0.000000000000;1
214.28100000;1582;52;0.000000000000;0
214.40800000;461;33;0.000000000000;0
214.42300000;755;78;0.000000000000;0
214.43800000;691;48;0.000000000000;1
214.48600000;461;51;0.000000000000;0
214.68700000;731;73;0.000000000000;1
214.72500000;1215;52;0.000000000000;0
214.80060000;1141;80;0.000000000000;1
214.91450000;599;15;0.000000000000;0
215.08442000;625;50;0.000000000000;1
215.14268000;724;50;0.000000000000;0
215.26800000;816;77;0.000000000000;1
215.29400000;563;15;0.000000000000;0
215.40800000;621;15;0.000000000000;0
215.80500000;897;77;0.000000000000;0
215.98600000;1125;52;0.000000000000;0
216.22500000;208;85;0.000000000000;0
216.41600000;621;34;0.000000000000;0
216.48500000;-100;76;0.000000000000;0
216.55200000;491;33;0.000000000000;0
216.79400000;850;75;0.000000000000;0
217.46700000;731;78;0.000000000000;0
217.51030000;271;4;0.000000000000;0
217.58100000;731;51;0.000000000000;0
217.62100000;813;75;0.000000000000;0
217.89400000;738;29;0.000000000000;0
217.91900000;552;51;0.000000000000;0
218.27100000;709;73;0.000000000000;1
218.57100000;675;70;0.000000000000;1
219.43900000;673;76;0.000000000000;1
219.44991000;822;50;0.000000000000;0
219.45600000;691;48;0.000000000000;1
219.55400000;744;71;0.000000000000;1
219.60300000;731;73;0.000000000000;1
219.87144000;583;32;0.000000000000;0
219.93455000;873;50;0.000000000000;0
220.13200000;322;79;0.000000000000;1
220.13200000;530;51;0.000000000000;0
220.49600000;801;77;0.000000000000;1
220.62700000;-100;76;0.000000000000;0
220.88300000;1097;52;0.000000000000;0
220.96597000;895;50;0.000000000000;0
221.21419000;391;46;0.000000000000;1
221.42600000;834;75;0.000000000000;1
222.10700000;667;77;0.000000000000;1
222.44600000;646;70;0.000000000000;1
222.64200000;744;75;0.000000000000;0
222.77750000;738;29;0.000000000000;0
222.78400000;-100;73;0.000000000000;0
222.79800000;640;76;0.000000000000;0
222.82030000;589;83;0.000000000000;0
223.06020000;744;83;0.000000000000;0
223.15900000;461;46;0.000000000000;1
223.78400000;179;81;0.000000000000;0
223.94800000;724;73;0.000000000000;1
223.98600000;-100;48;0.000000000000;0
224.26800000;782;77;0.000000000000;1
224.30450000;586;39;0.000000000000;1
224.40100000;230;85;0.000000000000;0
224.55200000;461;78;0.000000000000;1
224.57600000;643;77;0.000000000000;1
224.60573000;891;50;0.000000000000;0
224.64118600;1371;47;0.000000000000;1
224.68558000;300;82;0.000000000000;0
224.87489000;1304;47;0.000000000000;1
225.07600000;709;73;0.000000000000;1
225.55200000;1178;52;0.000000000000;0
225.58500000;760;76;0.000000000000;1
225.90200000;1379;52;0.000000000000;0
226.14200000;673;73;0.000000000000;1
226.17300000;-100;76;0.000000000000;0
226.23000000;690;73;0.000000000000;1
226.50200000;691;48;0.000000000000;1
226.55300000;1185;52;0.000000000000;0
226.74700000;-100;48;0.000000000000;0
226.89296000;896;50;0.000000000000;0
227.02100000;760;28;0.000000000000;1
227.02409000;470;74;0.000000000000;1
227.25900000;690;73;0.000000000000;1
227.31090000;240;21;0.000000000000;1
227.46200000;765;75;0.000000000000;0
227.52500000;856;75;0.000000000000;1
227.65800000;583;83;0.000000000000;0
227.71600000;643;72;0.000000000000;1
227.87700000;668;28;0.000000000000;1
228.16200000;738;75;0.000000000000;0
228.22600000;724;76;0.000000000000;1
228.66812000;846;50;0.000000000000;0
228.75100000;797;75;0.000000000000;0
228.80200000;731;48;0.000000000000;0
228.81200000;586;33;0.000000000000;0
228.81900000;340;78;0.000000000000;1
228.91600000;690;73;0.000000000000;1
229.00300000;-100;45;0.000000000000;0
229.38400000;391;29;0.000000000000;0
229.41900000;69;31;0.000000000000;0
229.44900000;790;75;0.000000000000;0
229.65164000;530;46;0.000000000000;1
230.29300000;609;73;0.000000000000;1
230.30000000;691;28;0.000000000000;1
230.38189300;510;74;0.000000000000;1
230.42200000;790;77;0.000000000000;0
230.42473000;812;56;0.000000000000;1
230.60644800;985;49;0.000000000000;1
230.66100000;-100;48;0.000000000000;0
231.14700000;782;51;0.000000000000;0
231.27700000;691;48;0.000000000000;1
231.37500000;525;76;0.000000000000;1
231.59800000;494;81;0.000000000000;0
231.60400000;691;28;0.000000000000;1
231.70340600;1274;47;0.000000000000;1
231.72300000;919;50;0.000000000000;0
232.02449500;1350;47;0.000000000000;1
232.08100000;494;70;0.000000000000;1
232.10700000;530;48;0.000000000000;1
232.24700000;636;72;0.000000000000;1
232.46668500;1239;47;0.000000000000;1
232.57900000;724;28;0.000000000000;0
232.60890100;555;74;0.000000000000;1
233.19800000;654;73;0.000000000000;1
233.47700000;525;45;0.000000000000;1
233.48120000;875;50;0.000000000000;0
233.49699000;479;44;0.000000000000;1
233.52672000;837;56;0.000000000000;1
233.64100000;-100;46;0.000000000000;0
233.68000000;658;76;0.000000000000;1
233.82400000;110;31;0.000000000000;0
234.40300000;356;33;0.000000000000;0
234.75915000;623;56;0.000000000000;1
234.86100000;369;4;0.000000000000;0
234.98400000;586;33;0.000000000000;0
235.07030000;240;4;0.000000000000;0
235.13469000;391;46;0.000000000000;1
235.26500000;-100;79;0.000000000000;0
235.48499000;974;50;0.000000000000;0
236.73500000;621;76;0.000000000000;1
236.79664000;432;46;0.000000000000;1
236.80400000;591;77;0.000000000000;1
237.12900000;110;31;0.000000000000;0
237.96900000;680;81;0.000000000000;0
238.11800000;491;33;0.000000000000;0
238.20373300;1440;26;0.000000000000;1
238.32800000;1374;52;0.000000000000;0
238.57900000;1400;52;0.000000000000;0
238.70600000;724;73;0.000000000000;1
239.21900000;717;71;0.000000000000;1
239.37922800;631;82;0.000000000000;0
239.56250400;1422;26;0.000000000000;1
239.92410000;1346;26;0.000000000000;1
240.06300000;778;73;0.000000000000;1
240.08800000;525;83;0.000000000000;0
240.19396000;577;82;0.000000000000;0
240.27195000;666;44;0.000000000000;1
240.48855000;1391;26;0.000000000000;1
240.66610000;1330;26;0.000000000000;1
241.05189100;1359;26;0.000000000000;1
241.05425000;852;26;0.000000000000;1
241.31881000;1306;47;0.000000000000;1
241.40692000;1055;27;0.000000000000;1
241.58400000;438;45;0.000000000000;1
241.62168000;1133;27;0.000000000000;1
241.73672000;487;32;0.000000000000;0
241.76590000;1102;27;0.000000000000;1
241.86900000;139;31;0.000000000000;0
242.09800000;417;45;0.000000000000;1
242.16943000;947;50;0.000000000000;0
242.21860000;633;39;0.000000000000;1
242.54300000;110;3;0.000000000000;0
242.71100000;417;45;0.000000000000;1
242.79500000;786;79;0.000000000000;0
242.94950000;968;50;0.000000000000;0
243.51500000;570;14;0.000000000000;0
243.77829900;1302;47;0.000000000000;1
244.00600000;648;78;0.000000000000;0
244.38288500;501;82;0.000000000000;0
244.61808100;508;82;0.000000000000;0
244.79058000;700;46;0.000000000000;0
245.00780000;-100;31;0.000000000000;0
245.00800000;731;84;0.000000000000;0
245.55314000;519;44;0.000000000000;1
245.64386000;501;44;0.000000000000;1
245.65300000;514;33;0.000000000000;0
245.65690000;591;44;0.000000000000;1
246.04900000;611;72;0.000000000000;1
246.10400000;450;45;0.000000000000;1
246.41900000;606;72;0.000000000000;1
246.65228000;532;74;0.000000000000;1
247.50600000;230;3;0.000000000000;0
247.56400000;271;45;0.000000000000;1
247.63775900;487;82;0.000000000000;0
247.85600000;668;6;0.000000000000;0
248.39400000;655;84;0.000000000000;0
248.62400000;627;76;0.000000000000;1
248.65260000;552;46;0.000000000000;1
248.71700000;691;78;0.000000000000;0
248.85500000;841;76;0.000000000000;0
248.87000000;640;73;0.000000000000;1
248.87690000;557;74;0.000000000000;1
248.89146000;570;46;0.000000000000;1
248.92310000;605;74;0.000000000000;1
249.05300000;655;84;0.000000000000;0
249.07700000;461;45;0.000000000000;1
249.29100000;369;33;0.000000000000;0
249.45830000;283;4;0.000000000000;0
249.47280000;300;4;0.000000000000;0
249.67687000;470;5;0.000000000000;0
249.67700000;461;43;0.000000000000;1
249.77224000;535;5;0.000000000000;0
249.79625000;450;32;0.000000000000;0
250.01870000;-100;31;0.000000000000;0
250.07140000;-100;31;0.000000000000;0
250.19900000;691;30;0.000000000000;1
250.29800000;832;77;0.000000000000;0
250.51000000;369;45;0.000000000000;1
250.69000000;605;14;0.000000000000;0
251.26900000;636;72;0.000000000000;1
251.30300000;636;72;0.000000000000;1
251.43200000;593;14;0.000000000000;0
251.61130000;621;14;0.000000000000;0
251.68800000;679;72;0.000000000000;1
251.92020000;586;14;0.000000000000;0
252.05300000;487;45;0.000000000000;1
252.13700000;461;49;0.000000000000;0
252.41080000;605;14;0.000000000000;0
252.84078000;552;56;0.000000000000;1
252.85090000;611;14;0.000000000000;0
252.85200000;760;51;0.000000000000;0
253.07400000;1215;52;0.000000000000;0
253.21200000;640;73;0.000000000000;1
253.32305000;425;32;0.000000000000;0
253.39760000;662;15;0.000000000000;0
253.56030000;686;15;0.000000000000;0
253.65210000;1371;80;0.000000000000;0
253.71745000;764;26;0.000000000000;0
253.80000000;666;76;0.000000000000;1
253.86700000;560;70;0.000000000000;1
254.32300000;621;43;0.000000000000;1
254.39700000;897;77;0.000000000000;0
254.65487000;863;50;0.000000000000;0
255.23500000;230;21;0.000000000000;1
255.32620000;662;15;0.000000000000;0
255.46200000;613;73;0.000000000000;1
255.50950000;541;74;0.000000000000;1
255.79500000;691;30;0.000000000000;1
255.80100000;731;84;0.000000000000;0
256.01500000;700;49;0.000000000000;0
256.02320000;230;21;0.000000000000;1
256.55045000;501;46;0.000000000000;1
256.55900000;-100;90;0.000000000000;0
256.79840000;230;13;0.000000000000;0
256.86400000;629;75;0.000000000000;1
256.88700000;738;40;0.000000000000;1
257.13900000;765;40;0.000000000000;1
257.14443300;590;74;0.000000000000;1
257.15940000;897;50;0.000000000000;0
257.16700000;679;72;0.000000000000;1
257.29300000;621;48;0.000000000000;1
257.50940000;230;13;0.000000000000;0
257.53930000;110;13;0.000000000000;0
257.61038000;921;25;0.000000000000;1
257.72596000;438;82;0.000000000000;0
257.87900000;744;71;0.000000000000;1
258.01400000;655;81;0.000000000000;0
258.58756000;1312;26;0.000000000000;1
259.25340000;621;32;0.000000000000;0
259.36600000;602;73;0.000000000000;1
259.37209800;691;25;0.000000000000;1
259.42500000;574;73;0.000000000000;1
259.64500000;574;73;0.000000000000;1
259.80500000;731;51;0.000000000000;0
259.83689400;1312;26;0.000000000000;1
259.93951500;1382;26;0.000000000000;1
260.17560000;530;49;0.000000000000;0
260.34900000;640;73;0.000000000000;1
260.56802900;691;25;0.000000000000;1
260.70300000;611;72;0.000000000000;1
260.70868600;1312;26;0.000000000000;1
260.85000000;649;75;0.000000000000;1
260.99900000;691;43;0.000000000000;1
261.03400000;599;57;0.000000000000;1
261.18700000;1330;26;0.000000000000;1
261.34000000;750;71;0.000000000000;1
261.38200000;1268;26;0.000000000000;1
261.41746000;680;82;0.000000000000;0
261.54200000;980;71;0.000000000000;1
261.76171300;1235;26;0.000000000000;1
261.83660000;782;29;0.000000000000;0
261.92600000;750;71;0.000000000000;1
262.56000000;801;25;0.000000000000;1
262.56668500;1271;26;0.000000000000;1
262.79040000;655;83;0.000000000000;0
262.80300000;700;78;0.000000000000;0
263.10467900;1290;26;0.000000000000;1
263.12820000;525;14;0.000000000000;0
263.13200000;1290;26;0.000000000000;1
263.24733000;-100;31;0.000000000000;0
263.47799000;594;56;0.000000000000;1
263.49100000;530;43;0.000000000000;1
263.55300000;641;92;0.000000000000;1
263.87100000;700;72;0.000000000000;1
263.87700000;691;63;0.000000000000;1
263.97100000;816;77;0.000000000000;0
264.14100000;700;72;0.000000000000;1
264.14800000;552;79;0.000000000000;0
264.68900000;691;78;0.000000000000;0
264.70100000;691;43;0.000000000000;1
265.06190000;271;4;0.000000000000;0
265.08600000;621;78;0.000000000000;0
265.11720000;709;32;0.000000000000;0
265.12200000;560;73;0.000000000000;1
265.15683000;621;32;0.000000000000;0
265.24840000;230;13;0.000000000000;0
265.33500000;617;42;0.000000000000;1
265.37500000;690;70;0.000000000000;1
265.78000000;790;71;0.000000000000;1
265.80390000;409;74;0.000000000000;3
265.94500000;794;78;0.000000000000;0
265.98730000;-100;31;0.000000000000;0
266.03930000;230;13;0.000000000000;0
266.05800000;646;42;0.000000000000;1
266.16092000;580;44;0.000000000000;1
266.31535000;655;82;0.000000000000;0
266.47900000;790;77;0.000000000000;0
266.83400000;646;63;0.000000000000;1
267.26600000;597;70;0.000000000000;1
267.28400000;658;42;0.000000000000;1
267.59000000;665;73;0.000000000000;1
267.59500000;813;79;0.000000000000;0
267.71582900;901;24;0.000000000000;1
267.86300000;750;40;0.000000000000;1
267.87551000;654;44;0.000000000000;1
267.87907200;744;24;0.000000000000;1
268.32300000;646;42;0.000000000000;1
268.41400000;678;42;0.000000000000;1
268.51700000;731;73;0.000000000000;1
268.79600000;700;23;0.000000000000;1
268.79900000;633;42;0.000000000000;1
268.87100000;340;79;0.000000000000;0
269.13411000;621;32;0.000000000000;0
269.20300000;631;63;0.000000000000;1
269.21136000;580;44;0.000000000000;1
269.24200000;-100;90;0.000000000000;0
269.42300000;801;77;0.000000000000;0
269.45200000;615;73;0.000000000000;1
269.67600000;563;83;0.000000000000;0
269.77098500;518;74;0.000000000000;1
270.10260000;494;42;0.000000000000;0
270.14200000;617;42;0.000000000000;1
270.17100000;834;71;0.000000000000;1
270.18700000;340;42;0.000000000000;1
270.24000000;760;78;0.000000000000;0
270.58900000;738;78;0.000000000000;0
270.65049000;931;50;0.000000000000;0
270.96237000;675;32;0.000000000000;0
271.02650000;738;49;0.000000000000;0
271.24049000;530;44;0.000000000000;1
271.39360000;570;49;0.000000000000;0
271.69800000;655;63;0.000000000000;1
271.90400000;717;78;0.000000000000;0
271.96640000;110;31;0.000000000000;0
272.19800000;615;41;0.000000000000;1
272.26100000;717;40;0.000000000000;1
272.74400000;615;73;0.000000000000;1
272.77800000;834;63;0.000000000000;1
273.30400000;641;75;0.000000000000;1
273.39600000;750;78;0.000000000000;0
273.43467000;574;44;0.000000000000;1
273.48600000;724;40;0.000000000000;1
273.80500000;220;4;0.000000000000;0
273.95472100;1382;26;0.000000000000;1
274.25600000;700;40;0.000000000000;1
274.31965700;1312;26;0.000000000000;1
274.32000000;990;26;0.000000000000;1
274.50000000;369;33;0.000000000000;0
274.64834600;1346;26;0.000000000000;1
274.69800000;1312;26;0.000000000000;1
274.71600000;-100;90;0.000000000000;0
274.82500000;700;79;0.000000000000;0
274.85400000;691;48;0.000000000000;1
274.93200000;1371;26;0.000000000000;1
275.04800000;717;70;0.000000000000;1
275.21665500;794;90;0.000000000000;1
275.38780000;655;49;0.000000000000;0
275.41700000;819;71;0.000000000000;1
275.45878000;648;32;0.000000000000;0
275.57362000;1391;26;0.000000000000;1
276.16800000;606;73;0.000000000000;1
276.19200000;640;84;0.000000000000;0
276.25895000;706;24;0.000000000000;0
276.30899000;755;46;0.000000000000;0
276.42606800;520;74;0.000000000000;1
276.63710000;782;29;0.000000000000;0
276.65367500;839;24;0.000000000000;1
276.78700000;839;81;0.000000000000;0
276.88400000;774;90;0.000000000000;1
276.99500000;599;51;0.000000000000;0
277.33600000;689;72;0.000000000000;1
277.54000000;744;42;0.000000000000;1
277.66900000;289;12;0.000000000000;0
277.82700000;289;12;0.000000000000;0
277.98310000;300;12;0.000000000000;0
278.00400000;678;42;0.000000000000;1
278.02200000;514;33;0.000000000000;0
278.14160000;289;12;0.000000000000;0
278.29720000;289;12;0.000000000000;0
279.07760000;220;12;0.000000000000;1
279.48200000;873;25;0.000000000000;0
279.55280000;256;12;0.000000000000;1
279.66300000;790;71;0.000000000000;1
279.77600000;652;73;0.000000000000;1
279.79980000;230;12;0.000000000000;1
279.82700000;854;25;0.000000000000;0
280.19953000;1013;82;0.000000000000;0
280.27040000;248;12;0.000000000000;1
280.28400000;755;63;0.000000000000;1
280.96200000;494;83;0.000000000000;0
281.16100000;621;43;0.000000000000;1
281.39400000;813;63;0.000000000000;1
281.61500000;744;42;0.000000000000;1
281.61850000;829;13;0.000000000000;1
282.02200000;709;72;0.000000000000;1
282.07800000;760;63;0.000000000000;1
282.31894000;955;82;0.000000000000;0
282.43700000;713;29;0.000000000000;0
283.03000000;724;78;0.000000000000;0
283.23100000;848;90;0.000000000000;1
283.30534000;1046;82;0.000000000000;0
283.56315900;921;24;0.000000000000;1
283.68999000;530;48;0.000000000000;0
283.72953300;891;90;0.000000000000;1
283.86300000;854;76;0.000000000000;0
283.99765000;947;50;0.000000000000;0
284.32455900;891;24;0.000000000000;1
284.71800000;544;70;0.000000000000;1
284.75100000;801;71;0.000000000000;1
284.82300000;744;42;0.000000000000;1
284.97200000;824;77;0.000000000000;0
284.98345600;867;24;0.000000000000;1
285.11300000;589;70;0.000000000000;1
285.12589700;765;90;0.000000000000;1
285.21270000;391;12;0.000000000000;0
285.32300000;591;42;0.000000000000;1
285.91100000;760;43;0.000000000000;0
286.04400000;461;33;0.000000000000;0
286.09300000;709;24;0.000000000000;1
286.10100000;663;72;0.000000000000;1
286.17000000;663;72;0.000000000000;1
286.25691800;778;24;0.000000000000;1
286.33147000;921;50;0.000000000000;0
286.51038200;782;24;0.000000000000;1
286.67398500;765;24;0.000000000000;1
286.76470800;731;24;0.000000000000;1
286.92300000;738;69;0.000000000000;1
287.04064800;813;90;0.000000000000;1
287.33111000;955;82;0.000000000000;0
287.42350000;110;31;0.000000000000;0
287.53900000;668;41;0.000000000000;1
287.79200000;691;51;0.000000000000;0
288.07670000;530;48;0.000000000000;0
288.15790000;691;14;0.000000000000;0
288.50490300;786;90;0.000000000000;1
288.95800000;621;25;0.000000000000;1
289.09900000;717;42;0.000000000000;1
289.12800000;455;42;0.000000000000;1
289.13800000;819;70;0.000000000000;1
289.19600000;570;79;0.000000000000;0
289.48400000;875;71;0.000000000000;1
289.79600000;829;83;0.000000000000;0
289.82540000;195;4;0.000000000000;0
290.64600000;680;23;0.000000000000;1
290.66800000;807;63;0.000000000000;1
290.88200000;778;23;0.000000000000;1
290.90600000;917;76;0.000000000000;0
291.03600000;731;68;0.000000000000;1
291.05900000;651;41;0.000000000000;1
291.13900000;910;71;0.000000000000;1
291.17400000;615;41;0.000000000000;1
291.19200000;700;42;0.000000000000;1
291.83200000;794;81;0.000000000000;0
292.33900000;717;42;0.000000000000;1
292.36200000;657;23;0.000000000000;0
292.40200000;778;23;0.000000000000;1
292.46400000;744;23;0.000000000000;1
292.47900000;839;77;0.000000000000;0
292.78100000;700;41;0.000000000000;1
292.86340000;220;12;0.000000000000;1
292.96300000;619;72;0.000000000000;1
292.97900000;744;78;0.000000000000;0
293.05000000;700;42;0.000000000000;1
293.08100000;657;23;0.000000000000;1
293.26300000;700;49;0.000000000000;0
293.30540000;760;25;0.000000000000;1
293.33000000;921;94;0.000000000000;1
293.65090000;230;12;0.000000000000;1
293.78000000;657;72;0.000000000000;1
293.82970000;807;83;0.000000000000;0
293.93000000;801;25;0.000000000000;1
294.13700000;680;23;0.000000000000;1
294.15400000;677;41;0.000000000000;1
294.19200000;717;92;0.000000000000;1
294.28599200;770;90;0.000000000000;1
294.36360000;110;31;0.000000000000;0
294.41730000;0;31;0.000000000000;0
294.45700000;700;23;0.000000000000;1
294.92050000;852;25;0.000000000000;1
295.00600000;921;94;0.000000000000;1
295.08800000;700;41;0.000000000000;1
295.16900000;709;71;0.000000000000;1
295.60600000;636;92;0.000000000000;1
295.89200000;640;84;0.000000000000;0
296.11650000;782;29;0.000000000000;0
296.33200000;834;71;0.000000000000;1
296.45200000;731;68;0.000000000000;1
296.51300000;665;73;0.000000000000;1
296.68400000;921;94;0.000000000000;1
296.72830000;801;80;0.000000000000;0
296.98200000;778;71;0.000000000000;1
297.05600000;760;70;0.000000000000;1
297.25000000;921;94;0.000000000000;1
297.41000000;577;41;0.000000000000;1
297.58800000;679;72;0.000000000000;1
297.65840000;494;44;0.000000000000;1
298.02300000;921;94;0.000000000000;1
298.06204000;691;48;0.000000000000;0
298.39900000;530;70;0.000000000000;1
298.60620000;240;4;0.000000000000;0
298.64180000;230;4;0.000000000000;0
298.76450000;501;14;0.000000000000;0
298.82300000;770;90;0.000000000000;1
298.90190000;794;83;0.000000000000;0
299.26200000;668;6;0.000000000000;1
299.33360000;655;83;0.000000000000;0
299.64000000;921;94;0.000000000000;1
299.79700000;750;78;0.000000000000;0
299.96000000;861;75;0.000000000000;0
300.24100000;709;68;0.000000000000;1
300.24900000;829;28;0.000000000000;0
300.32100000;782;84;0.000000000000;0
300.36300000;770;28;0.000000000000;0
300.57700000;574;70;0.000000000000;1
300.91333000;939;50;0.000000000000;0
301.01300000;765;64;0.000000000000;1
301.20000000;822;28;0.000000000000;0
301.29000000;700;72;0.000000000000;1
301.53000000;731;69;0.000000000000;1
301.80400000;839;76;0.000000000000;0
301.94920000;220;4;0.000000000000;0
302.05400000;801;71;0.000000000000;1
302.43500000;208;24;0.000000000000;0
302.46210000;778;83;0.000000000000;0
302.70151000;530;10;0.000000000000;1
302.84400000;586;41;0.000000000000;1
302.88500000;921;94;0.000000000000;1
302.88633000;548;10;0.000000000000;1
302.92000000;577;79;0.000000000000;0
303.11100000;682;70;0.000000000000;1
303.11600000;602;72;0.000000000000;1
303.28400000;765;64;0.000000000000;1
303.40500000;738;64;0.000000000000;1
303.41150000;921;50;0.000000000000;0
303.90671000;662;32;0.000000000000;0
303.93460000;899;49;0.000000000000;0
304.20600000;567;73;0.000000000000;1
304.26400000;668;78;0.000000000000;0
304.33000000;621;89;0.000000000000;1
305.00730000;256;13;0.000000000000;0
305.08200000;816;28;0.000000000000;0
305.46790000;161;13;0.000000000000;0
305.67200000;765;71;0.000000000000;1
305.71440000;264;13;0.000000000000;0
305.86600000;906;76;0.000000000000;0
306.42900000;195;13;0.000000000000;0
306.47100000;807;78;0.000000000000;0
306.61450000;161;13;0.000000000000;0
306.77000000;910;83;0.000000000000;0
307.24100000;570;61;0.000000000000;1
307.76000000;892;71;0.000000000000;1
307.88279000;804;90;0.000000000000;1
308.21529000;318;13;0.000000000000;0
308.43600000;681;67;0.000000000000;1
309.27099000;326;13;0.000000000000;0
309.28386000;300;13;0.000000000000;0
309.29840000;309;12;0.000000000000;0
309.31100000;824;23;0.000000000000;1
309.41800000;750;41;0.000000000000;1
310.05000000;816;64;0.000000000000;1
310.82966600;827;90;0.000000000000;1
310.91200000;657;72;0.000000000000;1
311.07100000;786;23;0.000000000000;1
311.16200000;688;92;0.000000000000;1
311.40380000;786;46;0.000000000000;0
311.83800000;760;23;0.000000000000;1
311.85000000;663;67;0.000000000000;1
311.86490500;786;24;0.000000000000;1
312.03692100;827;24;0.000000000000;1
312.52800000;731;23;0.000000000000;1
313.04219000;777;4;0.000000000000;1
313.07900000;731;41;0.000000000000;1
313.10667000;768;4;0.000000000000;1
313.12600000;891;69;0.000000000000;1
313.38900000;774;69;0.000000000000;1
314.13320000;548;10;0.000000000000;1
314.92400000;652;92;0.000000000000;1
315.30900000;621;89;0.000000000000;1
315.44100000;640;89;0.000000000000;1
315.88700000;514;20;0.000000000000;1
315.92100000;921;94;0.000000000000;1
316.34000000;709;41;0.000000000000;1
316.59700000;678;40;0.000000000000;1
317.03430000;907;42;0.000000000000;0
317.32950000;801;43;0.000000000000;0
317.44900000;921;94;0.000000000000;1
317.50354000;962;50;0.000000000000;0
317.93300000;519;20;0.000000000000;1
318.01900000;902;90;0.000000000000;1
318.02900000;597;41;0.000000000000;1
318.12800000;501;20;0.000000000000;1
318.19200000;677;68;0.000000000000;1
318.34100000;807;23;0.000000000000;0
318.39800000;858;23;0.000000000000;0
318.54000000;824;23;0.000000000000;0
318.85100000;627;23;0.000000000000;1
319.11000000;570;41;0.000000000000;1
319.28800000;597;70;0.000000000000;1
319.39700000;894;42;0.000000000000;0
319.41900000;651;72;0.000000000000;1
319.49800000;691;41;0.000000000000;1
319.52000000;668;43;0.000000000000;1
319.56130000;774;39;0.000000000000;1
319.81200000;724;71;0.000000000000;1
319.84700000;921;94;0.000000000000;1
319.85862000;570;10;0.000000000000;1
320.02690000;770;39;0.000000000000;1
320.25341000;702;22;0.000000000000;1
320.33200000;770;39;0.000000000000;1
320.63400000;570;41;0.000000000000;1
321.20200000;691;43;0.000000000000;1
321.41900000;663;40;0.000000000000;1
321.56000000;597;41;0.000000000000;1
321.70543000;746;22;0.000000000000;1
321.89300000;700;65;0.000000000000;1
321.99800000;709;65;0.000000000000;1
322.07800000;854;77;0.000000000000;0
322.09400000;921;94;0.000000000000;1
322.28413000;757;22;0.000000000000;1
322.48700000;921;94;0.000000000000;1
322.54800000;668;41;0.000000000000;1
322.90094400;778;90;0.000000000000;1
323.05800000;774;68;0.000000000000;1
323.16900000;645;40;0.000000000000;1
323.26300000;921;94;0.000000000000;1
323.26600000;283;3;0.000000000000;0
323.45146000;847;22;0.000000000000;1
323.64000000;599;41;0.000000000000;1
323.65720000;832;22;0.000000000000;1
323.68100000;709;69;0.000000000000;1
323.70200000;691;43;0.000000000000;1
323.81155900;852;90;0.000000000000;1
323.90366000;815;22;0.000000000000;1
324.02300000;738;69;0.000000000000;1
324.19825300;805;22;0.000000000000;1
324.22720000;873;39;0.000000000000;1
324.26983000;931;46;0.000000000000;0
324.41600000;921;94;0.000000000000;0
324.52500000;921;94;0.000000000000;1
324.75400000;921;29;0.000000000000;0
324.85979000;789;22;0.000000000000;1
325.16361000;790;46;0.000000000000;0
325.20800000;921;94;0.000000000000;0
325.25240000;570;48;0.000000000000;0
325.29057000;754;22;0.000000000000;1
325.40700000;577;41;0.000000000000;1
325.43100000;848;71;0.000000000000;1
325.60790000;947;49;0.000000000000;0
325.85510000;801;49;0.000000000000;0
325.87765000;816;46;0.000000000000;0
326.05400000;921;94;0.000000000000;1
326.09100000;621;89;0.000000000000;1
326.10548000;570;48;0.000000000000;0
326.15845000;719;22;0.000000000000;1
326.16114000;729;22;0.000000000000;1
326.23310000;962;50;0.000000000000;0
326.47800000;790;68;0.000000000000;1
326.76900000;700;23;0.000000000000;1
326.94889000;470;32;0.000000000000;0
327.11200000;680;23;0.000000000000;1
327.27700000;501;63;0.000000000000;1
327.30500000;691;40;0.000000000000;1
327.31100000;921;94;0.000000000000;1
327.39570000;921;29;0.000000000000;0
327.52400000;921;94;0.000000000000;0
327.61200000;662;23;0.000000000000;1
327.77800000;535;63;0.000000000000;1
327.87540000;69;22;0.000000000000;2
327.92600000;717;40;0.000000000000;1
327.93300000;658;68;0.000000000000;1
328.05500000;774;45;0.000000000000;0
328.06800000;1092;47;0.000000000000;0
328.19700000;689;67;0.000000000000;1
328.23300000;621;30;0.000000000000;0
328.35700000;774;45;0.000000000000;0
328.47100000;678;40;0.000000000000;1
328.76542000;709;22;0.000000000000;1
328.93700000;980;70;0.000000000000;1
329.10000000;774;69;0.000000000000;1
329.13300000;659;92;0.000000000000;1
329.23100000;525;42;0.000000000000;1
329.25600000;921;94;0.000000000000;0
329.30700000;731;65;0.000000000000;1
330.15600000;894;76;0.000000000000;0
330.17600000;921;94;0.000000000000;0
330.18600000;621;78;0.000000000000;0
330.21262000;819;46;0.000000000000;0
330.23690000;294;11;0.000000000000;0
330.24600000;760;69;0.000000000000;1
330.25800000;668;30;0.000000000000;0
330.29400000;655;30;0.000000000000;0
330.29790000;289;11;0.000000000000;0
330.32100000;577;75;0.000000000000;1
330.58900000;700;92;0.000000000000;1
330.62800000;678;40;0.000000000000;1
330.63900000;744;62;0.000000000000;1
330.98000000;709;69;0.000000000000;1
331.24200000;774;68;0.000000000000;1
331.26500000;921;94;0.000000000000;1
331.63900000;633;68;0.000000000000;1
331.97220000;640;10;0.000000000000;1
332.06100000;921;94;0.000000000000;0
332.08400000;921;94;0.000000000000;0
332.10110000;356;4;0.000000000000;0
332.13400000;381;4;0.000000000000;0
332.30900000;834;45;0.000000000000;0
332.37350000;760;10;0.000000000000;1
332.44000000;824;65;0.000000000000;1
332.51200000;879;90;0.000000000000;1
332.78760000;846;39;0.000000000000;1
332.86000000;640;84;0.000000000000;0
332.94537000;804;22;0.000000000000;1
333.06072000;846;50;0.000000000000;0
333.27000000;665;68;0.000000000000;1
333.74900000;731;57;0.000000000000;1
333.77100000;921;94;0.000000000000;1
333.89400000;921;94;0.000000000000;0
334.18741000;873;22;0.000000000000;1
334.45600000;677;57;0.000000000000;1
334.50200000;668;30;0.000000000000;0
334.54544000;640;10;0.000000000000;1
334.55700000;621;30;0.000000000000;0
334.59400000;501;30;0.000000000000;0
334.60400000;717;68;0.000000000000;1
334.90327000;901;22;0.000000000000;1
334.94023000;906;22;0.000000000000;1
335.04700000;859;64;0.000000000000;1
335.12284500;856;90;0.000000000000;1
335.37240000;256;21;0.000000000000;0
335.86200000;837;64;0.000000000000;1
335.96680000;248;21;0.000000000000;1
336.12120000;899;22;0.000000000000;1
336.12570000;240;21;0.000000000000;1
336.19260000;240;21;0.000000000000;1
336.22300000;859;64;0.000000000000;1
336.26100000;829;69;0.000000000000;1
336.40800000;724;68;0.000000000000;1
336.80200000;724;68;0.000000000000;1
336.80494300;829;24;0.000000000000;1
336.89360000;248;21;0.000000000000;1
337.21500000;248;21;0.000000000000;1
337.27100000;895;68;0.000000000000;1
337.27927000;894;22;0.000000000000;1
337.29943000;852;46;0.000000000000;0
337.41700000;688;68;0.000000000000;1
337.82193000;691;10;0.000000000000;1
337.90600000;577;75;0.000000000000;1
338.05700000;810;28;0.000000000000;0
338.07110000;391;38;0.000000000000;1
338.09100000;731;57;0.000000000000;1
338.28870000;1024;47;0.000000000000;0
338.37584400;887;22;0.000000000000;1
338.50200000;858;66;0.000000000000;1
338.50800000;744;68;0.000000000000;1
339.14100000;921;94;0.000000000000;1
339.19800000;865;40;0.000000000000;1
339.20000000;774;68;0.000000000000;1
339.20347800;931;90;0.000000000000;1
339.28006000;640;10;0.000000000000;1
339.65800000;563;63;0.000000000000;1
339.68200000;863;45;0.000000000000;0
339.70700000;832;71;0.000000000000;1
339.71980000;631;83;0.000000000000;0
339.75000000;744;69;0.000000000000;1
339.89800000;900;67;0.000000000000;1
339.98000000;774;72;0.000000000000;1
340.27000000;621;90;0.000000000000;1
340.36500000;668;48;0.000000000000;0
340.45764000;1009;46;0.000000000000;0
340.51200000;931;27;0.000000000000;0
340.78000000;858;66;0.000000000000;1
341.02500000;663;40;0.000000000000;1
341.23400000;881;27;0.000000000000;0
341.47600000;901;28;0.000000000000;0
341.64600000;859;67;0.000000000000;1
342.12215000;947;46;0.000000000000;0
342.24700000;884;64;0.000000000000;1
342.46200000;899;75;0.000000000000;0
342.50800000;876;69;0.000000000000;1
342.53400000;760;67;0.000000000000;1
342.74000000;621;61;0.000000000000;1
342.81300000;760;67;0.000000000000;1
342.83100000;850;44;0.000000000000;0
342.99600000;675;69;0.000000000000;1
343.05300000;691;40;0.000000000000;1
343.34278000;852;46;0.000000000000;0
343.48900000;901;45;0.000000000000;0
343.67400000;876;44;0.000000000000;0
343.82300000;846;40;0.000000000000;1
344.11300000;665;68;0.000000000000;1
344.13896000;876;46;0.000000000000;0
344.15000000;850;69;0.000000000000;1
344.19850000;801;25;0.000000000000;1
344.36400000;908;27;0.000000000000;0
344.55700000;824;66;0.000000000000;1
344.62600000;848;28;0.000000000000;0
344.98000000;599;61;0.000000000000;1
345.13030000;891;5;0.000000000000;1
345.18800000;968;75;0.000000000000;0
345.31400000;807;67;0.000000000000;1
345.35000000;995;27;0.000000000000;0
345.36600000;850;69;0.000000000000;1
345.40800000;621;70;0.000000000000;1
345.51830000;283;4;0.000000000000;0
345.60000000;968;67;0.000000000000;1
345.84700000;852;28;0.000000000000;0
346.04600000;1092;75;0.000000000000;0
346.07381000;895;46;0.000000000000;0
346.16500000;852;28;0.000000000000;0
346.19700000;738;67;0.000000000000;1
346.20400000;868;45;0.000000000000;0
346.22000000;905;69;0.000000000000;1
346.39800000;790;64;0.000000000000;1
346.43700000;778;70;0.000000000000;0
346.44570000;391;38;0.000000000000;1
346.47300000;1060;75;0.000000000000;0
346.61996000;691;48;0.000000000000;0
346.62780000;852;43;0.000000000000;0
346.72700000;744;64;0.000000000000;1
346.76547000;668;48;0.000000000000;0
346.89900000;744;64;0.000000000000;1
346.99200000;884;90;0.000000000000;1
347.17100000;688;68;0.000000000000;1
347.24800000;848;71;0.000000000000;1
347.40200000;899;27;0.000000000000;0
347.42600000;859;67;0.000000000000;1
347.63000000;621;70;0.000000000000;1
347.70700000;717;66;0.000000000000;1
347.88400000;621;70;0.000000000000;1
347.93900000;709;40;0.000000000000;1
348.11500000;717;40;0.000000000000;1
348.11516000;921;46;0.000000000000;0
348.11600000;621;89;0.000000000000;1
348.12800000;770;64;0.000000000000;1
348.48400000;875;67;0.000000000000;1
349.29600000;861;28;0.000000000000;0
349.44900000;839;66;0.000000000000;1
349.47600000;782;67;0.000000000000;1
349.60790000;744;39;0.000000000000;1
349.62100000;832;40;0.000000000000;1
349.89400000;902;44;0.000000000000;0
349.91000000;881;68;0.000000000000;1
350.11075000;676;56;0.000000000000;0
350.15700000;530;9;0.000000000000;1
350.22800000;917;27;0.000000000000;0
350.25200000;868;45;0.000000000000;0
350.28400000;519;9;0.000000000000;1
350.29600000;530;9;0.000000000000;1
350.31100000;535;9;0.000000000000;1
350.52300000;709;72;0.000000000000;1
350.63200000;885;27;0.000000000000;0
350.73200000;794;45;0.000000000000;0
350.73900000;902;71;0.000000000000;1
350.91700000;865;65;0.000000000000;1
350.98400000;797;27;0.000000000000;0
351.04300000;724;27;0.000000000000;0
351.08640000;621;83;0.000000000000;0
351.36400000;807;77;0.000000000000;0
351.50500000;879;28;0.000000000000;0
351.55390000;283;4;0.000000000000;0
351.55900000;832;67;0.000000000000;1
351.69438000;939;46;0.000000000000;0
351.92400000;990;81;0.000000000000;0
352.02900000;544;70;0.000000000000;1
352.36600000;717;65;0.000000000000;1
352.39800000;839;66;0.000000000000;1
352.45400000;901;28;0.000000000000;0
352.80200000;908;45;0.000000000000;0
352.94300000;852;81;0.000000000000;0
353.17000000;1000;66;0.000000000000;1
353.49600000;839;66;0.000000000000;1
353.55200000;744;69;0.000000000000;1
353.55400000;689;72;0.000000000000;1
353.57130000;256;21;0.000000000000;1
353.60200000;861;66;0.000000000000;1
353.62100000;619;69;0.000000000000;1
353.65800000;675;69;0.000000000000;1
353.85200000;839;66;0.000000000000;1
353.95870400;888;90;0.000000000000;1
354.02400000;700;65;0.000000000000;1
354.17720000;760;43;0.000000000000;0
354.23300000;744;66;0.000000000000;1
354.52000000;633;23;0.000000000000;1
354.58000000;837;64;0.000000000000;1
354.60500000;738;67;0.000000000000;1
354.78000000;717;25;0.000000000000;0
354.90020000;827;39;0.000000000000;1
354.93600000;827;64;0.000000000000;1
354.97250000;870;43;0.000000000000;0
355.02200000;839;66;0.000000000000;1
355.06450000;829;43;0.000000000000;0
355.16200000;770;66;0.000000000000;1
355.19500000;750;40;0.000000000000;1
355.30800000;939;46;0.000000000000;0
355.66000000;765;40;0.000000000000;1
355.67800000;700;67;0.000000000000;1
355.68000000;633;23;0.000000000000;1
355.85340000;248;21;0.000000000000;1
356.03300000;530;70;0.000000000000;1
356.16600000;717;72;0.000000000000;1
356.17400000;807;65;0.000000000000;1
356.53787000;1354;26;0.000000000000;0
356.55900000;691;89;0.000000000000;1
356.85200000;834;65;0.000000000000;1
356.90400000;700;72;0.000000000000;1
356.93800000;908;27;0.000000000000;0
357.02539000;1184;26;0.000000000000;0
357.25300000;256;21;0.000000000000;1
357.27292000;1046;82;0.000000000000;0
357.48000000;645;67;0.000000000000;1
357.62400000;839;66;0.000000000000;1
357.63400000;248;21;0.000000000000;1
357.68500000;717;40;0.000000000000;1
357.74500000;691;58;0.000000000000;1
357.86900000;723;24;0.000000000000;0
357.92000000;700;65;0.000000000000;1
358.01500000;670;75;0.000000000000;1
358.09280000;248;21;0.000000000000;1
358.11928000;-100;26;0.000000000000;0
358.31000000;846;45;0.000000000000;0
358.45140000;810;39;0.000000000000;1
358.49600000;859;64;0.000000000000;1
358.50300000;657;65;0.000000000000;1
358.50600000;810;66;0.000000000000;1
358.54700000;589;70;0.000000000000;1
358.70500000;461;37;0.000000000000;0
358.71900000;881;27;0.000000000000;0
358.79420000;829;43;0.000000000000;0
358.92200000;876;44;0.000000000000;0
358.96330000;240;21;0.000000000000;1
359.04740000;240;21;0.000000000000;1
359.26000000;834;62;0.000000000000;1
359.30200000;884;44;0.000000000000;0
359.34900000;728;24;0.000000000000;0
359.50400000;750;66;0.000000000000;1
359.60970000;594;83;0.000000000000;0
359.61900000;846;45;0.000000000000;0
359.71500000;868;45;0.000000000000;0
360.04400000;738;65;0.000000000000;1
360.07300000;921;39;0.000000000000;1
360.19150000;873;39;0.000000000000;1
360.42800000;744;62;0.000000000000;1
360.53300000;712;24;0.000000000000;0
360.87700000;765;69;0.000000000000;1
360.92200000;617;90;0.000000000000;1
360.94900000;813;62;0.000000000000;1
360.95457000;990;46;0.000000000000;0
361.05077000;691;48;0.000000000000;0
361.10430000;896;39;0.000000000000;1
361.28729000;668;48;0.000000000000;0
361.31000000;700;40;0.000000000000;1
361.38310000;256;21;0.000000000000;1
361.47700000;700;40;0.000000000000;1
361.65600000;804;68;0.000000000000;1
361.87677000;1363;26;0.000000000000;0
361.93900000;879;28;0.000000000000;0
361.95100000;570;41;0.000000000000;1
361.98000000;530;70;0.000000000000;1
362.12300000;744;62;0.000000000000;1
362.39900000;668;71;0.000000000000;1
362.87000000;755;39;0.000000000000;1
363.02400000;829;66;0.000000000000;1
363.07420000;256;21;0.000000000000;1
363.22100000;921;94;0.000000000000;1
363.31200000;896;39;0.000000000000;1
363.35400000;691;68;0.000000000000;1
363.42000000;570;61;0.000000000000;1
363.42900000;813;62;0.000000000000;1
363.46884000;990;46;0.000000000000;0
363.51460000;801;43;0.000000000000;0
363.60700000;921;43;0.000000000000;0
363.84600000;651;65;0.000000000000;1
363.95677000;1082;82;0.000000000000;0
364.27820000;256;21;0.000000000000;1
364.43600000;668;72;0.000000000000;1
364.53080000;248;21;0.000000000000;1
364.54000000;931;66;0.000000000000;1
364.54200000;691;57;0.000000000000;1
364.61900000;872;64;0.000000000000;1
364.95500000;461;88;0.000000000000;1
365.17980000;240;21;0.000000000000;1
365.46200000;827;64;0.000000000000;1
365.48800000;670;65;0.000000000000;1
365.61500000;804;64;0.000000000000;1
365.79900000;901;45;0.000000000000;0
365.88800000;760;65;0.000000000000;1
365.93900000;570;61;0.000000000000;1
366.13500000;873;44;0.000000000000;0
366.13600000;770;62;0.000000000000;1
366.46000000;790;64;0.000000000000;1
366.46100000;801;39;0.000000000000;1
366.96900000;548;70;0.000000000000;1
367.00700000;794;92;0.000000000000;1
367.12000000;760;64;0.000000000000;1
367.63500000;824;65;0.000000000000;1
368.34625000;1116;82;0.000000000000;0
368.47440000;852;43;0.000000000000;0
368.52000000;271;22;0.000000000000;0
368.84200000;876;63;0.000000000000;1
368.97900000;599;61;0.000000000000;1
369.03368000;861;46;0.000000000000;0
369.23600000;915;45;0.000000000000;0
369.25000000;570;61;0.000000000000;1
369.26500000;897;68;0.000000000000;1
369.41900000;1037;70;0.000000000000;1
369.48100000;846;66;0.000000000000;1
369.75000000;570;61;0.000000000000;1
369.77300000;760;64;0.000000000000;1
369.81700000;687;40;0.000000000000;1
370.02600000;848;69;0.000000000000;1
370.09100000;894;45;0.000000000000;0
370.13600000;824;69;0.000000000000;1
370.15200000;700;92;0.000000000000;1
370.26300000;599;61;0.000000000000;1
370.28600000;846;65;0.000000000000;1
370.39200000;778;65;0.000000000000;1
370.60300000;514;20;0.000000000000;1
370.99300000;691;58;0.000000000000;1
371.02870000;947;39;0.000000000000;1
371.17200000;668;61;0.000000000000;1
371.17600000;691;65;0.000000000000;1
371.27000000;790;64;0.000000000000;1
371.88610000;921;43;0.000000000000;0
371.92800000;648;72;0.000000000000;1
371.94500000;750;64;0.000000000000;1
371.99345000;-100;26;0.000000000000;0
372.05900000;921;94;0.000000000000;0
372.18253200;909;90;0.000000000000;1
372.49400000;990;63;0.000000000000;1
372.63510000;852;43;0.000000000000;0
372.69300000;907;44;0.000000000000;0
372.80300000;931;44;0.000000000000;0
372.84700000;738;62;0.000000000000;1
372.95200000;717;68;0.000000000000;1
373.12600000;765;62;0.000000000000;1
373.41200000;778;69;0.000000000000;1
373.48600000;-100;26;0.000000000000;0
373.59800000;738;62;0.000000000000;1
373.69000000;519;20;0.000000000000;1
373.71300000;-100;26;0.000000000000;0
373.80400000;640;92;0.000000000000;1
373.91200000;797;62;0.000000000000;1
373.99353000;1013;82;0.000000000000;0
374.11829100;955;90;0.000000000000;1
374.13100000;586;63;0.000000000000;1
374.22800000;816;44;0.000000000000;0
374.25200000;570;61;0.000000000000;1
374.26400000;680;68;0.000000000000;1
374.34700000;841;64;0.000000000000;1
374.58600000;621;61;0.000000000000;1
374.68450000;852;43;0.000000000000;0
374.70900000;570;61;0.000000000000;1
374.86800000;686;92;0.000000000000;1
374.94851000;1396;26;0.000000000000;0
375.00900000;621;61;0.000000000000;1
375.16000000;678;40;0.000000000000;1
375.25688100;804;90;0.000000000000;1
375.36300000;921;94;0.000000000000;0
375.43680000;829;43;0.000000000000;0
375.52400000;700;65;0.000000000000;1
375.59400000;921;94;0.000000000000;0
375.73700000;846;66;0.000000000000;1
375.83400000;921;94;0.000000000000;0
375.90800000;778;57;0.000000000000;1
375.92915000;953;22;0.000000000000;1
376.06900000;755;62;0.000000000000;1
376.13200000;938;22;0.000000000000;1
376.13300000;870;69;0.000000000000;1
376.19100000;848;69;0.000000000000;1
376.62590000;530;10;0.000000000000;1
376.83900000;907;64;0.000000000000;1
376.87740000;852;43;0.000000000000;0
377.43300000;921;39;0.000000000000;1
377.43800000;921;94;0.000000000000;0
377.57200000;939;81;0.000000000000;0
377.64900000;765;65;0.000000000000;1
377.71359000;530;10;0.000000000000;1
378.28400000;755;92;0.000000000000;1
378.61800000;810;66;0.000000000000;1
378.68400000;750;68;0.000000000000;1
378.84400000;738;66;0.000000000000;1
378.86930000;891;39;0.000000000000;1
379.08300000;822;57;0.000000000000;1
379.22200000;921;94;0.000000000000;0
379.33700000;648;72;0.000000000000;1
379.47800000;827;57;0.000000000000;1
379.56600000;599;61;0.000000000000;1
379.57500000;887;69;0.000000000000;1
379.63700000;854;64;0.000000000000;1
379.67500000;909;67;0.000000000000;1
379.82520000;1028;42;0.000000000000;0
379.89000000;894;44;0.000000000000;0
379.93100000;850;45;0.000000000000;0
379.93500000;894;44;0.000000000000;0
379.93700000;921;94;0.000000000000;0
380.15200000;782;58;0.000000000000;1
380.53590000;782;60;0.000000000000;1
380.59300000;921;94;0.000000000000;0
380.67200000;807;25;0.000000000000;0
381.07300000;909;67;0.000000000000;1
381.14000000;921;94;0.000000000000;0
381.32500000;680;67;0.000000000000;1
381.34540000;309;4;0.000000000000;0
381.39700000;822;64;0.000000000000;1
381.55000000;479;63;0.000000000000;1
381.60200000;717;59;0.000000000000;1
381.82800000;652;59;0.000000000000;1
381.96700000;1057;63;0.000000000000;1
382.05300000;570;61;0.000000000000;1
382.22600000;824;45;0.000000000000;0
382.62000000;738;62;0.000000000000;1
382.93549000;358;12;0.000000000000;0
383.04800000;819;68;0.000000000000;1
383.07200000;687;59;0.000000000000;1
383.14600000;760;92;0.000000000000;1
383.23037000;364;12;0.000000000000;0
383.28800000;829;39;0.000000000000;1
383.55200000;921;94;0.000000000000;0
383.65000000;774;66;0.000000000000;1
383.67600000;717;40;0.000000000000;1
383.75100000;717;67;0.000000000000;1
383.82000000;717;69;0.000000000000;1
383.82918000;369;12;0.000000000000;0
384.25000000;682;65;0.000000000000;1
384.29800000;570;61;0.000000000000;1
384.70900000;560;9;0.000000000000;1
384.80200000;909;69;0.000000000000;1
384.87300000;822;65;0.000000000000;1
384.90200000;738;57;0.000000000000;1
384.99900000;556;9;0.000000000000;1
385.10100000;921;94;0.000000000000;0
385.16700000;552;9;0.000000000000;1
385.18500000;921;94;0.000000000000;0
385.40700000;750;67;0.000000000000;1
385.41800000;709;58;0.000000000000;1
385.42100000;790;62;0.000000000000;1
385.46400000;778;92;0.000000000000;1
385.65200000;868;45;0.000000000000;0
385.95700000;850;92;0.000000000000;1
386.16800000;790;67;0.000000000000;1
386.31200000;760;89;0.000000000000;1
386.33270000;822;60;0.000000000000;1
386.41030000;1028;42;0.000000000000;0
386.51300000;110;4;0.000000000000;0
387.16400000;813;57;0.000000000000;1
387.21100000;885;66;0.000000000000;1
387.41700000;816;65;0.000000000000;1
387.61900000;617;59;0.000000000000;1
387.66500000;627;71;0.000000000000;1
387.71800000;744;59;0.000000000000;1
387.76200000;668;61;0.000000000000;1
387.85400000;921;94;0.000000000000;0
388.14500000;691;92;0.000000000000;1
388.24500000;731;58;0.000000000000;1
388.28900000;709;68;0.000000000000;1
388.52900000;822;62;0.000000000000;1
388.63700000;744;57;0.000000000000;1
388.86480000;621;2;0.000000000000;0
388.89600000;801;67;0.000000000000;1
389.03600000;770;92;0.000000000000;1
389.10200000;947;67;0.000000000000;1
389.17790000;621;56;0.000000000000;1
389.21500000;691;61;0.000000000000;1
389.58900000;921;94;0.000000000000;0
389.85300000;867;66;0.000000000000;1
389.92000000;778;65;0.000000000000;1
389.97800000;599;61;0.000000000000;1
390.55230000;570;14;0.000000000000;0
390.56800000;717;67;0.000000000000;1
390.63100000;931;68;0.000000000000;1
390.71000000;1024;63;0.000000000000;1
390.74840000;195;21;0.000000000000;0
390.84400000;-100;59;0.000000000000;0
391.02600000;691;61;0.000000000000;1
391.18100000;195;21;0.000000000000;0
391.53500000;300;3;0.000000000000;0
391.60500000;717;57;0.000000000000;1
391.65100000;770;64;0.000000000000;1
391.88500000;717;59;0.000000000000;1
391.91000000;691;61;0.000000000000;1
392.15400000;700;57;0.000000000000;1
392.54500000;663;65;0.000000000000;1
392.54700000;687;59;0.000000000000;1
392.92200000;770;57;0.000000000000;1
393.04800000;1037;63;0.000000000000;1
393.20200000;760;92;0.000000000000;1
393.36600000;544;20;0.000000000000;1
393.64800000;668;61;0.000000000000;1
393.86300000;765;68;0.000000000000;1
394.15120000;760;60;0.000000000000;1
394.40058000;318;13;0.000000000000;0
394.42100000;570;61;0.000000000000;1
394.46800000;921;66;0.000000000000;1
394.65710000;829;43;0.000000000000;0
395.03490000;839;39;0.000000000000;1
395.11540000;760;60;0.000000000000;1
395.25400000;804;58;0.000000000000;1
395.35100000;680;59;0.000000000000;1
395.77400000;691;61;0.000000000000;1
395.81000000;731;69;0.000000000000;1
395.82200000;685;40;0.000000000000;1
395.88600000;824;45;0.000000000000;0
396.15200000;326;13;0.000000000000;0
396.48100000;738;59;0.000000000000;1
396.52500000;-100;59;0.000000000000;0
396.84700000;539;20;0.000000000000;1
397.19600000;1031;63;0.000000000000;1
397.68400000;770;65;0.000000000000;1
397.85700000;790;66;0.000000000000;1
398.07400000;621;61;0.000000000000;1
398.18700000;750;65;0.000000000000;1
398.20500000;-100;59;0.000000000000;0
398.25920000;819;39;0.000000000000;1
398.49670000;921;43;0.000000000000;0
398.55400000;230;3;0.000000000000;0
398.57900000;709;92;0.000000000000;1
399.11300000;665;40;0.000000000000;1
399.47900000;738;59;0.000000000000;1
399.50500000;570;61;0.000000000000;1
399.57500000;819;57;0.000000000000;1
399.89600000;691;61;0.000000000000;1
400.04500000;899;66;0.000000000000;1
400.37700000;681;58;0.000000000000;1
400.47000000;659;59;0.000000000000;1
400.54700000;755;65;0.000000000000;1
400.86900000;755;59;0.000000000000;1
400.99600000;621;61;0.000000000000;1
401.06000000;643;59;0.000000000000;1
401.16900000;519;63;0.000000000000;1
401.22500000;822;60;0.000000000000;1
401.23900000;790;58;0.000000000000;1
401.91287540;990;90;0.000000000000;1
402.03870000;195;21;0.000000000000;0
402.36780000;195;21;0.000000000000;0
402.47300000;548;9;0.000000000000;1
402.54900000;544;9;0.000000000000;1
403.07600000;1020;25;0.000000000000;0
403.16260000;990;43;0.000000000000;0
403.16900000;794;57;0.000000000000;1
403.29840000;139;31;0.000000000000;0
403.30700000;985;25;0.000000000000;0
403.44900000;931;25;0.000000000000;0
404.07600000;765;58;0.000000000000;1
404.13600000;863;25;0.000000000000;0
404.25800000;681;58;0.000000000000;1
404.29100000;801;57;0.000000000000;1
404.54400000;859;67;0.000000000000;1
404.58122000;1382;26;0.000000000000;0
404.91080000;921;43;0.000000000000;0
405.00400000;738;92;0.000000000000;1
405.15400000;570;61;0.000000000000;1
405.39300000;900;67;0.000000000000;0
405.52000000;640;61;0.000000000000;1
405.65400000;770;59;0.000000000000;1
405.78067000;1146;82;0.000000000000;0
405.89400000;968;41;0.000000000000;0
406.10850000;846;60;0.000000000000;1
406.26410000;760;29;0.000000000000;0
406.28100000;813;59;0.000000000000;1
406.33900000;755;64;0.000000000000;1
406.50900000;744;67;0.000000000000;1
407.18100000;700;58;0.000000000000;1
407.34800000;750;58;0.000000000000;1
407.58400000;640;61;0.000000000000;1
407.73500000;794;57;0.000000000000;1
407.77140000;599;38;0.000000000000;1
407.79600000;891;66;0.000000000000;1
408.61000000;621;61;0.000000000000;1
408.84400000;801;89;0.000000000000;1
408.87070000;921;43;0.000000000000;0
409.01300000;770;92;0.000000000000;1
409.56680000;962;43;0.000000000000;0
410.17450000;974;49;0.000000000000;0
410.33000000;827;66;0.000000000000;1
410.38400000;909;67;0.000000000000;0
410.94550000;782;60;0.000000000000;1
411.50770000;921;43;0.000000000000;0
411.61000000;670;92;0.000000000000;1
411.67100000;841;90;0.000000000000;1
411.81400000;665;58;0.000000000000;1
411.84600000;744;59;0.000000000000;1
411.85500000;755;62;0.000000000000;1
412.32300000;839;57;0.000000000000;1
412.42170000;899;43;0.000000000000;0
412.73700000;689;58;0.000000000000;1
412.97000000;1040;63;0.000000000000;1
413.06491000;681;56;0.000000000000;1
413.30100000;921;94;0.000000000000;0
414.00400000;921;94;0.000000000000;0
414.12200000;731;59;0.000000000000;1
414.24000000;665;58;0.000000000000;1
414.31100000;790;59;0.000000000000;1
414.44100000;700;65;0.000000000000;1
414.49500000;870;43;0.000000000000;0
414.50000000;651;58;0.000000000000;1
414.97900000;604;58;0.000000000000;1
415.10900000;921;94;0.000000000000;0
415.19700000;724;58;0.000000000000;1
415.19700000;700;57;0.000000000000;1
415.60800000;801;60;0.000000000000;1
416.56090000;921;43;0.000000000000;0
416.56100000;717;58;0.000000000000;1
416.60014000;463;56;0.000000000000;1
416.84000000;801;89;0.000000000000;1
417.05200000;709;84;0.000000000000;0
417.15900000;724;92;0.000000000000;1
417.20420000;161;31;0.000000000000;0
417.75280000;899;39;0.000000000000;1
417.93900000;856;59;0.000000000000;1
417.99800000;461;89;0.000000000000;0
418.01000000;691;54;0.000000000000;1
418.31200000;300;89;0.000000000000;0
419.29200000;570;61;0.000000000000;1
419.44000000;300;89;0.000000000000;0
419.65500000;731;57;0.000000000000;1
420.17920000;691;37;0.000000000000;0
420.29400000;681;58;0.000000000000;1
420.50500000;1100;63;0.000000000000;1
420.64800000;921;94;0.000000000000;0
420.82300000;921;94;0.000000000000;0
420.88900000;807;90;0.000000000000;1
421.55240000;621;37;0.000000000000;0
421.55240000;570;38;0.000000000000;1
422.26000000;731;58;0.000000000000;1
422.29300000;824;59;0.000000000000;1
422.53500000;824;59;0.000000000000;1
422.56550000;-100;87;0.000000000000;0
422.67300000;391;20;0.000000000000;0
423.23780000;717;60;0.000000000000;1
423.81910000;852;43;0.000000000000;0
424.68200000;248;21;0.000000000000;1
424.86800000;700;58;0.000000000000;1
425.43500000;782;24;0.000000000000;0
425.63900000;765;62;0.000000000000;1
426.18800000;921;94;0.000000000000;0
426.20900000;738;64;0.000000000000;0
426.22700000;921;43;0.000000000000;0
426.26800000;717;62;0.000000000000;1
426.70000000;668;6;0.000000000000;1
426.72600000;691;6;0.000000000000;1
426.95000000;617;57;0.000000000000;1
427.17602000;1335;26;0.000000000000;0
427.48111700;782;24;0.000000000000;0
428.07900000;770;62;0.000000000000;1
428.30100000;318;20;0.000000000000;0
428.69700000;640;57;0.000000000000;1
428.93600000;309;20;0.000000000000;0
428.97307000;777;24;0.000000000000;0
429.46060000;668;74;0.000000000000;0
429.70580000;921;43;0.000000000000;0
429.77600000;-100;59;0.000000000000;0
429.77800000;640;61;0.000000000000;1
429.89900000;309;20;0.000000000000;0
430.25300000;322;20;0.000000000000;0
430.35730000;859;60;0.000000000000;1
430.54470000;369;38;0.000000000000;1
430.77400000;314;20;0.000000000000;0
430.77600000;438;86;0.000000000000;0
430.96200000;794;39;0.000000000000;1
431.86500000;309;20;0.000000000000;0
431.89400000;755;62;0.000000000000;1
432.07400000;271;21;0.000000000000;1
432.49980000;256;21;0.000000000000;1
432.53610000;-100;87;0.000000000000;0
432.57660000;700;60;0.000000000000;1
432.90200000;750;62;0.000000000000;1
433.05200000;691;54;0.000000000000;1
433.65400000;570;61;0.000000000000;1
434.06400000;461;88;0.000000000000;1
434.21200000;570;61;0.000000000000;1
434.81130000;469;74;0.000000000000;1
434.96000000;461;86;0.000000000000;0
435.44000000;631;57;0.000000000000;1
435.50900000;548;63;0.000000000000;1
435.54773000;801;36;0.000000000000;1
435.83350000;939;80;0.000000000000;0
436.20500000;606;92;0.000000000000;0
437.25700000;-100;92;0.000000000000;0
437.44600000;277;21;0.000000000000;1
437.48000000;834;45;0.000000000000;0
437.49330000;939;39;0.000000000000;1
437.92300000;939;23;0.000000000000;0
438.21700000;681;58;0.000000000000;1
438.35447000;1186;26;0.000000000000;0
438.45300000;300;89;0.000000000000;0
438.64100000;691;89;0.000000000000;1
438.67000000;-100;58;0.000000000000;0
439.08600000;738;62;0.000000000000;1
439.67100000;300;89;0.000000000000;0
439.80080000;750;39;0.000000000000;1
440.47501000;1360;26;0.000000000000;0
440.49000000;921;94;0.000000000000;0
441.51222000;1257;26;0.000000000000;0
441.55440000;230;21;0.000000000000;1
441.79600000;691;61;0.000000000000;1
441.87800000;689;58;0.000000000000;1
442.11400000;687;62;0.000000000000;1
442.43400000;797;62;0.000000000000;1
442.54400000;322;20;0.000000000000;0
442.99000000;760;57;0.000000000000;1
443.25100000;599;61;0.000000000000;1
443.49600000;326;20;0.000000000000;0
443.55600000;955;63;0.000000000000;1
443.56900000;322;20;0.000000000000;0
443.68122000;640;36;0.000000000000;1
444.54100000;621;61;0.000000000000;1
444.69000000;640;61;0.000000000000;1
444.93400000;665;58;0.000000000000;1
444.98300000;659;59;0.000000000000;1
445.27300000;717;62;0.000000000000;1
445.39500000;668;61;0.000000000000;1
445.46300000;709;62;0.000000000000;1
445.47800000;340;20;0.000000000000;0
445.58900000;333;20;0.000000000000;0
445.66100000;300;20;0.000000000000;0
446.21900000;691;54;0.000000000000;1
446.27300000;300;89;0.000000000000;0
447.12400000;724;58;0.000000000000;1
447.14802000;530;2;0.000000000000;0
447.23300000;640;92;0.000000000000;1
447.32300000;570;61;0.000000000000;1
447.50141000;668;36;0.000000000000;1
448.69100000;673;58;0.000000000000;1
449.32100000;668;84;0.000000000000;0
449.64600000;700;59;0.000000000000;1
450.01500000;640;61;0.000000000000;1
450.72000000;691;89;0.000000000000;1
451.12990000;980;49;0.000000000000;0
452.28410000;921;43;0.000000000000;0
452.52000000;640;61;0.000000000000;1
452.92100000;668;61;0.000000000000;1
453.61500000;921;94;0.000000000000;1
453.79500000;657;62;0.000000000000;1
454.36300000;643;92;0.000000000000;1
454.87630000;813;22;0.000000000000;0
454.96216000;761;22;0.000000000000;1
455.40330000;914;56;0.000000000000;1
455.52799000;-100;55;0.000000000000;0
456.23600000;765;58;0.000000000000;1
456.37575000;696;22;0.000000000000;1
457.22800000;700;58;0.000000000000;1
457.26640000;340;4;0.000000000000;0
457.72087000;668;36;0.000000000000;1
459.31721000;-100;55;0.000000000000;0
459.40300000;931;63;0.000000000000;0
460.37903000;1612;55;0.000000000000;1
460.54500000;621;89;0.000000000000;1
460.73310000;1028;38;0.000000000000;0
461.91658000;691;36;0.000000000000;1
462.19400000;570;60;0.000000000000;0
462.70700000;548;92;0.000000000000;1
463.38850000;668;36;0.000000000000;1
463.42400000;623;60;0.000000000000;0
465.88761000;760;36;0.000000000000;1
466.18800000;902;63;0.000000000000;0
466.51900000;599;61;0.000000000000;0
467.46000000;700;62;0.000000000000;1
467.69100000;652;62;0.000000000000;1
467.81493000;530;48;0.000000000000;0
468.01400000;570;30;0.000000000000;0
468.22394000;461;88;0.000000000000;1
468.34500000;574;60;0.000000000000;0
470.44000000;627;62;0.000000000000;1
471.65800000;230;89;0.000000000000;0
471.90200000;548;60;0.000000000000;0
472.01600000;599;89;0.000000000000;1
472.21500000;599;30;0.000000000000;0
472.22780000;738;38;0.000000000000;0
472.60800000;525;70;0.000000000000;1
472.83600000;680;61;0.000000000000;0
473.15900000;479;92;0.000000000000;1
473.42700000;668;61;0.000000000000;0
473.90019000;801;36;0.000000000000;1
474.02800000;621;57;0.000000000000;1
474.06080000;921;43;0.000000000000;0
475.40400000;691;25;0.000000000000;0
475.90000000;668;61;0.000000000000;0
476.23800000;662;25;0.000000000000;0
476.25700000;655;61;0.000000000000;0
476.57441000;691;36;0.000000000000;1
477.17400000;530;6;0.000000000000;0
477.34600000;655;61;0.000000000000;0
478.34200000;685;25;0.000000000000;0
479.45500000;1150;17;0.000000000000;1
479.89800000;655;61;0.000000000000;0
479.99123000;570;48;0.000000000000;0
480.13600000;680;61;0.000000000000;0
481.05300000;599;30;0.000000000000;0
481.19600000;680;61;0.000000000000;0
482.07390000;921;43;0.000000000000;0
482.35200000;691;25;0.000000000000;0
483.01865000;1473;55;0.000000000000;1
483.20773000;668;36;0.000000000000;1
483.76600000;668;61;0.000000000000;0
484.43300000;760;54;0.000000000000;1
484.66115000;655;36;0.000000000000;1
485.35880000;990;43;0.000000000000;0
486.07400000;655;61;0.000000000000;0
486.13500000;1210;1;0.000000000000;0
486.57200000;621;61;0.000000000000;0
486.67330000;921;43;0.000000000000;0
488.36820000;755;39;0.000000000000;1
488.38100000;586;60;0.000000000000;0
489.07548000;1097;26;0.000000000000;0
489.14921000;1167;26;0.000000000000;0
489.19180000;899;43;0.000000000000;0
489.25200000;655;61;0.000000000000;0
489.67700000;1130;17;0.000000000000;1
489.69300000;563;60;0.000000000000;0
489.99200000;675;57;0.000000000000;1
489.99270000;561;56;0.000000000000;1
490.01180000;700;39;0.000000000000;1
492.05028000;1218;26;0.000000000000;0
492.45300000;615;60;0.000000000000;0
493.29900000;640;61;0.000000000000;0
493.40770000;884;56;0.000000000000;1
494.48300000;556;60;0.000000000000;0
495.28526000;1512;55;0.000000000000;1
495.47800000;567;60;0.000000000000;0
495.72983000;1110;26;0.000000000000;0
495.75965000;1259;26;0.000000000000;0
495.94600000;655;61;0.000000000000;0
498.13550000;-100;22;0.000000000000;1
498.17310000;955;22;0.000000000000;0
499.71000000;621;61;0.000000000000;0
503.42200000;508;69;0.000000000000;1
503.44100000;560;59;0.000000000000;1
504.38028000;1481;55;0.000000000000;1
505.21700000;530;6;0.000000000000;0
505.32760000;599;74;0.000000000000;0
505.83100000;570;61;0.000000000000;0
508.06200000;640;54;0.000000000000;1
508.58200000;691;48;0.000000000000;0
509.48300000;599;61;0.000000000000;0
509.62800000;852;43;0.000000000000;0
510.07700000;599;61;0.000000000000;0
510.55410000;731;29;0.000000000000;0
511.45600000;615;57;0.000000000000;1
512.29900000;615;57;0.000000000000;1
512.73400000;599;61;0.000000000000;0
512.95200000;602;59;0.000000000000;1
514.51600000;635;6;0.000000000000;1
514.63000000;621;61;0.000000000000;0
515.32350000;760;29;0.000000000000;0
515.38600000;599;61;0.000000000000;1
516.73216000;374;12;0.000000000000;0
516.97100000;570;61;0.000000000000;1
517.15800000;621;61;0.000000000000;1
517.26843000;378;12;0.000000000000;0
518.34200000;675;57;0.000000000000;1
518.36042000;381;12;0.000000000000;0
519.13200000;530;59;0.000000000000;1
519.40500000;570;61;0.000000000000;1
520.44981000;868;24;0.000000000000;0
520.57200000;731;39;0.000000000000;1
520.60229000;887;24;0.000000000000;0
520.80900000;621;61;0.000000000000;1
520.84094000;896;24;0.000000000000;0
520.90780000;691;47;0.000000000000;0
521.79400000;1093;17;0.000000000000;1
521.82020000;782;29;0.000000000000;0
522.70362000;1583;55;0.000000000000;1
523.62600000;621;61;0.000000000000;1
523.66600000;570;61;0.000000000000;1
524.63300000;599;61;0.000000000000;1
524.93850000;1488;55;0.000000000000;1
526.17100000;309;20;0.000000000000;0
526.22400000;314;20;0.000000000000;0
526.42400000;309;20;0.000000000000;0
526.55600000;318;20;0.000000000000;0
527.02700000;322;20;0.000000000000;0
527.06400000;621;61;0.000000000000;1
529.22200000;691;54;0.000000000000;1
531.38700000;668;54;0.000000000000;1
533.93300000;691;54;0.000000000000;1
534.94700000;330;20;0.000000000000;0
535.29500000;501;70;0.000000000000;1
535.95740000;264;19;0.000000000000;0
538.33688000;1034;26;0.000000000000;0
540.97834000;905;24;0.000000000000;0
541.91500000;760;54;0.000000000000;1
542.32300000;1150;17;0.000000000000;1
543.89600000;599;54;0.000000000000;1
544.92700000;369;70;0.000000000000;1
545.38280000;330;16;0.000000000000;1
546.07500000;870;80;0.000000000000;0
546.54970000;691;47;0.000000000000;0
547.26100000;621;54;0.000000000000;1
550.64930000;896;42;0.000000000000;0
551.90440000;563;56;0.000000000000;0
552.78200000;425;92;0.000000000000;1
552.84047000;369;12;0.000000000000;0
553.54810000;751;56;0.000000000000;0
554.60800000;668;61;0.000000000000;1
556.30244000;1518;55;0.000000000000;1
557.02894400;760;36;0.000000000000;0
557.60200000;668;61;0.000000000000;1
558.19700000;322;20;0.000000000000;0
558.87600000;330;20;0.000000000000;0
558.90190000;801;43;0.000000000000;0
559.44700000;326;20;0.000000000000;0
559.84900000;322;20;0.000000000000;0
560.12900000;318;20;0.000000000000;0
560.28500000;318;20;0.000000000000;0
566.08100000;391;88;0.000000000000;0
568.26333000;161;11;0.000000000000;0
568.81934000;0;11;0.000000000000;0
568.82046000;220;11;0.000000000000;0
571.23900000;921;94;0.000000000000;0
578.21320000;731;29;0.000000000000;0
578.23840000;277;19;0.000000000000;0
580.17520000;283;19;0.000000000000;0
581.21480000;271;19;0.000000000000;0
581.87400000;514;63;0.000000000000;1
582.39300000;621;61;0.000000000000;1
583.11406000;1469;55;0.000000000000;1
583.18870000;283;19;0.000000000000;0
585.74500000;340;20;0.000000000000;0
586.87900000;570;61;0.000000000000;1
587.09159900;801;36;0.000000000000;0
587.56210000;621;2;0.000000000000;0
588.97700000;635;6;0.000000000000;1
588.99509540;1129;11;0.000000000000;0
589.59242370;1060;11;0.000000000000;0
591.08500000;691;89;0.000000000000;1
592.56311000;1544;55;0.000000000000;1
594.64900000;599;61;0.000000000000;1
597.64600000;691;54;0.000000000000;1
601.04905000;-100;55;0.000000000000;0
601.94700000;641;56;0.000000000000;0
603.62000000;621;54;0.000000000000;1
604.95100000;604;63;0.000000000000;1
605.11500000;691;54;0.000000000000;1
609.75900000;691;54;0.000000000000;1
610.02100000;680;61;0.000000000000;0
610.27200000;330;20;0.000000000000;0
610.35400000;577;3;0.000000000000;0
610.36500000;577;3;0.000000000000;0
611.07830000;678;56;0.000000000000;0
612.22200000;337;20;0.000000000000;0
616.12900000;309;20;0.000000000000;0
616.21700000;340;20;0.000000000000;0
616.37600000;309;20;0.000000000000;0
616.90600000;326;20;0.000000000000;0
616.95600000;333;20;0.000000000000;0
619.28000000;921;94;0.000000000000;0
620.03000000;340;88;0.000000000000;0
622.18700000;765;71;0.000000000000;1
623.53600000;438;71;0.000000000000;1
624.23400000;508;71;0.000000000000;1
630.46600000;921;94;0.000000000000;0
634.16800000;680;56;0.000000000000;0
635.07300000;1100;35;0.000000000000;0
635.45548000;-100;55;0.000000000000;0
635.98600000;300;89;0.000000000000;0
639.65610000;220;31;0.000000000000;0
641.34470000;195;31;0.000000000000;0
643.19300000;621;61;0.000000000000;0
643.90700000;356;20;0.000000000000;0
644.97500000;921;94;0.000000000000;0
644.98100000;340;20;0.000000000000;0
645.08510000;636;56;0.000000000000;0
646.25700000;353;20;0.000000000000;0
646.31200000;700;71;0.000000000000;1
647.16600000;337;20;0.000000000000;0
648.29080000;748;56;0.000000000000;0
648.67100000;921;94;0.000000000000;0
649.37800000;347;20;0.000000000000;0
649.68980000;680;56;0.000000000000;1
649.87600000;697;56;0.000000000000;0
649.96500000;333;20;0.000000000000;0
652.04500000;691;61;0.000000000000;0
653.52700000;921;94;0.000000000000;0
654.42100000;921;94;0.000000000000;0
656.27900000;1312;1;0.000000000000;0
659.50000000;69;19;0.000000000000;1
659.50100000;668;54;0.000000000000;1
659.53250000;661;56;0.000000000000;0
659.81500000;680;61;0.000000000000;0
660.89500000;921;94;0.000000000000;0
665.90500000;599;61;0.000000000000;1
670.77600000;819;3;0.000000000000;0
670.79100000;819;3;0.000000000000;0
672.32838000;1040;55;0.000000000000;0
677.22900000;570;61;0.000000000000;1
680.57400000;691;54;0.000000000000;1
685.60300000;1082;9;0.000000000000;0
692.94672000;1151;10;0.000000000000;0
695.54998000;1512;55;0.000000000000;1
696.54310000;921;18;0.000000000000;0
698.34912000;-100;55;0.000000000000;0
699.08800000;760;54;0.000000000000;1
702.40500000;1043;10;0.000000000000;0
703.24128000;1135;10;0.000000000000;0
703.74700000;1071;9;0.000000000000;0
705.54200000;530;86;0.000000000000;0
706.72180000;921;18;0.000000000000;0
712.78900000;1031;9;0.000000000000;0
714.12167000;391;88;0.000000000000;0
714.81500000;350;20;0.000000000000;0
717.39380000;1125;10;0.000000000000;0
717.98660000;-100;87;0.000000000000;0
720.21900000;343;20;0.000000000000;0
723.13200000;668;6;0.000000000000;1
723.64200000;691;6;0.000000000000;1
724.51665000;1125;10;0.000000000000;0
725.80600000;921;94;0.000000000000;0
726.81100000;461;86;0.000000000000;0
729.04000000;179;89;0.000000000000;0
730.11700000;629;63;0.000000000000;1
734.85100000;921;35;0.000000000000;0
738.39800000;921;18;0.000000000000;0
744.22900000;667;7;0.000000000000;0
745.00000000;570;86;0.000000000000;0
746.83100000;680;7;0.000000000000;0
748.88712000;1037;10;0.000000000000;0
750.38690000;990;18;0.000000000000;0
751.46520000;962;18;0.000000000000;0
753.57739000;1024;10;0.000000000000;0
757.29300000;921;94;0.000000000000;0
760.15457000;760;36;0.000000000000;0
763.51060000;1013;18;0.000000000000;0
766.48991260;322;19;0.000000000000;0
769.45401000;621;36;0.000000000000;0
769.89645620;318;19;0.000000000000;0
772.37610000;962;18;0.000000000000;0
772.42070000;921;18;0.000000000000;0
777.19400000;677;8;0.000000000000;0
777.41700000;670;8;0.000000000000;0
777.53900000;662;8;0.000000000000;0
780.02680000;1141;37;0.000000000000;0
780.98200000;461;86;0.000000000000;0
787.82200000;801;17;0.000000000000;0
794.81760000;990;18;0.000000000000;0
796.26200000;640;84;0.000000000000;0
800.61570000;990;18;0.000000000000;0
801.47860000;1013;18;0.000000000000;0
801.97000000;391;88;0.000000000000;1
805.95048000;461;36;0.000000000000;0
809.95100000;461;86;0.000000000000;0
810.36930000;990;18;0.000000000000;0
810.40200000;621;36;0.000000000000;0
811.29012000;621;36;0.000000000000;0
811.53110000;1046;18;0.000000000000;0
816.94180000;-100;87;0.000000000000;0
818.32556000;161;11;0.000000000000;0
819.00566000;570;36;0.000000000000;0
819.48237000;220;11;0.000000000000;0
823.16336000;921;54;0.000000000000;0
825.40700000;300;4;0.000000000000;0
826.32426000;599;36;0.000000000000;0
826.45220000;921;18;0.000000000000;0
827.09600000;461;86;0.000000000000;0
828.01162000;885;54;0.000000000000;0
828.10522000;530;36;0.000000000000;0
829.81099000;621;36;0.000000000000;0
830.03248000;1028;10;0.000000000000;0
830.96100000;921;94;0.000000000000;0
831.18600000;179;31;0.000000000000;0
837.59400000;1151;17;0.000000000000;0
837.76070000;1124;10;0.000000000000;0
838.64900000;195;31;0.000000000000;0
838.93000000;139;31;0.000000000000;0
840.82100000;962;18;0.000000000000;0
842.26600000;-100;35;0.000000000000;0
842.46480000;990;18;0.000000000000;0
842.82500000;962;17;0.000000000000;0
844.62500000;670;8;0.000000000000;0
844.63600000;691;8;0.000000000000;0
844.67600000;684;8;0.000000000000;0
845.27200000;-100;35;0.000000000000;0
849.53591000;1114;10;0.000000000000;0
850.88728000;530;36;0.000000000000;0
852.11316530;-100;55;0.000000000000;0
852.14420000;962;18;0.000000000000;0
858.59700000;1123;17;0.000000000000;0
859.12583000;1062;10;0.000000000000;0
860.00700000;461;86;0.000000000000;0
863.46472000;1046;10;0.000000000000;0
865.43828000;1107;10;0.000000000000;0
876.14121000;-100;55;0.000000000000;0
877.67505000;570;36;0.000000000000;0
878.06223000;1095;10;0.000000000000;0
878.37539000;1067;10;0.000000000000;0
881.94106000;852;54;0.000000000000;0
885.38669000;1020;10;0.000000000000;0
892.86933000;530;36;0.000000000000;0
894.34742388;-100;55;0.000000000000;0
912.29670000;1046;18;0.000000000000;0
917.23178000;-100;55;0.000000000000;0
922.44990000;962;18;0.000000000000;0
940.57300000;668;6;0.000000000000;0
958.93600000;161;31;0.000000000000;0
959.42500000;0;31;0.000000000000;0
965.77860000;1013;18;0.000000000000;0
975.17610000;161;36;0.000000000000;0
992.31980000;801;54;0.000000000000;0
1002.43552000;1215;55;0.000000000000;0
1012.36017000;1247;55;0.000000000000;0
1022.15200000;691;36;0.000000000000;1
1114.30200000;1017;10;0.000000000000;0
1117.75246000;1080;10;0.000000000000;0
1152.27450000;1040;10;0.000000000000;0
1181.93785000;750;36;0.000000000000;0
